1 3 6 9 7 7 
1 3 6 9 7 7 
1
1 2 3 4 3 2 9 
1 2 3 4 3 2 9 
1
9 9 4 2 4 
9 9 4 2 4 
1
2 4 7 7 3 4 4 8 
2 4 7 7 3 4 4 8 
1
7 9 2 6 9 5 6 1 10 
7 9 2 6 9 5 6 1 10 
1
6 5 8 10 6 3 10 
6 5 8 10 6 3 10 
1
2 8 3 4 3 5 4 10 
2 8 3 4 3 5 4 10 
1
2 4 7 7 6 
2 4 7 7 6 
1
10 4 2 5 7 9 8 10 9 
10 4 2 5 7 9 8 10 9 
1
4 6 7 10 2 5 6 
4 6 7 10 2 5 6 
1
10 1 7 8 6 1 5 10 4 
10 1 7 8 6 1 5 10 4 
1
3 2 10 5 8 3 6 
3 2 10 5 8 3 6 
1
10 8 4 7 10 7 8 8 
10 8 4 7 10 7 8 8 
1
7 6 7 10 7 4 1 9 
7 6 7 10 7 4 1 9 
1
3 3 6 1 9 8 4 
3 3 6 1 9 8 4 
1
1 2 6 5 7 
1 2 6 5 7 
1
4 4 7 1 10 9 1 2 2 
4 4 7 1 10 9 1 2 2 
1
8 3 3 5 7 10 10 1 9 
8 3 3 5 7 10 10 1 9 
1
4 3 1 9 9 5 5 5 
4 3 1 9 9 5 5 5 
1
7 4 1 10 7 2 10 
7 4 1 10 7 2 10 
1
10 10 4 6 6 10 1 8 
10 10 4 6 6 10 1 8 
1
9 6 8 1 2 2 2 2 
9 6 8 1 2 2 2 2 
1
10 3 4 3 10 9 2 
10 3 4 3 10 9 2 
1
8 3 7 5 8 7 7 2 6 
8 3 7 5 8 7 7 2 6 
1
9 10 10 8 7 10 
9 10 10 8 7 10 
1
10 9 3 7 1 
10 9 3 7 1 
1
6 6 4 7 3 8 8 10 
6 6 4 7 3 8 8 10 
1
2 10 10 6 5 9 
2 10 10 6 5 9 
1
5 8 8 8 10 2 2 8 10 
5 8 8 8 10 2 2 8 10 
1
2 3 3 3 9 2 4 
2 3 3 3 9 2 4 
1
5 3 9 6 3 5 10 
5 3 9 6 3 5 10 
1
10 4 1 5 6 5 9 9 
10 4 1 5 6 5 9 9 
1
10 2 3 3 4 
10 2 3 3 4 
1
5 7 5 2 8 
5 7 5 2 8 
1
10 7 6 3 4 7 7 9 4 
10 7 6 3 4 7 7 9 4 
1
7 2 7 2 6 10 6 
7 2 7 2 6 10 6 
1
10 4 9 10 9 9 
10 4 9 10 9 9 
1
4 7 5 7 6 9 10 6 8 
4 7 5 7 6 9 10 6 8 
1
5 2 7 1 9 3 1 7 7 
5 2 7 1 9 3 1 7 7 
1
1 10 9 4 1 2 3 
1 10 9 4 1 2 3 
1
1 4 2 5 3 2 4 6 6 
1 4 2 5 3 2 4 6 6 
1
9 4 3 9 7 6 3 
9 4 3 9 7 6 3 
1
2 2 7 6 9 4 
2 2 7 6 9 4 
1
1 5 6 1 4 6 7 10 
1 5 6 1 4 6 7 10 
1
8 5 1 5 6 3 7 
8 5 1 5 6 3 7 
1
4 6 8 6 1 6 9 
4 6 8 6 1 6 9 
1
2 5 8 8 5 10 9 
2 5 8 8 5 10 9 
1
3 10 6 1 9 5 7 7 2 
3 10 6 1 9 5 7 7 2 
1
9 6 5 3 8 9 3 
9 6 5 3 8 9 3 
1
5 4 6 3 9 7 9 1 10 
5 4 6 3 9 7 9 1 10 
1
1 3 6 9 7 7 
1 3 6 9 7 7 
1
1 2 3 4 3 2 9 
1 2 3 4 3 2 9 
1
9 9 4 2 4 
9 9 4 2 4 
1
2 4 7 7 3 4 4 8 
2 4 7 7 3 4 4 8 
1
7 9 2 6 9 5 6 1 10 
7 9 2 6 9 5 6 1 10 
1
6 5 8 10 6 3 10 
6 5 8 10 6 3 10 
1
2 8 3 4 3 5 4 10 
2 8 3 4 3 5 4 10 
1
2 4 7 7 6 
2 4 7 7 6 
1
10 4 2 5 7 9 8 10 9 
10 4 2 5 7 9 8 10 9 
1
4 6 7 10 2 5 6 
4 6 7 10 2 5 6 
1
10 1 7 8 6 1 5 10 4 
10 1 7 8 6 1 5 10 4 
1
3 2 10 5 8 3 6 
3 2 10 5 8 3 6 
1
10 8 4 7 10 7 8 8 
10 8 4 7 10 7 8 8 
1
7 6 7 10 7 4 1 9 
7 6 7 10 7 4 1 9 
1
3 3 6 1 9 8 4 
3 3 6 1 9 8 4 
1
1 2 6 5 7 
1 2 6 5 7 
1
4 4 7 1 10 9 1 2 2 
4 4 7 1 10 9 1 2 2 
1
8 3 3 5 7 10 10 1 9 
8 3 3 5 7 10 10 1 9 
1
4 3 1 9 9 5 5 5 
4 3 1 9 9 5 5 5 
1
7 4 1 10 7 2 10 
7 4 1 10 7 2 10 
1
10 10 4 6 6 10 1 8 
10 10 4 6 6 10 1 8 
1
9 6 8 1 2 2 2 2 
9 6 8 1 2 2 2 2 
1
10 3 4 3 10 9 2 
10 3 4 3 10 9 2 
1
8 3 7 5 8 7 7 2 6 
8 3 7 5 8 7 7 2 6 
1
9 10 10 8 7 10 
9 10 10 8 7 10 
1
10 9 3 7 1 
10 9 3 7 1 
1
6 6 4 7 3 8 8 10 
6 6 4 7 3 8 8 10 
1
2 10 10 6 5 9 
2 10 10 6 5 9 
1
5 8 8 8 10 2 2 8 10 
5 8 8 8 10 2 2 8 10 
1
2 3 3 3 9 2 4 
2 3 3 3 9 2 4 
1
5 3 9 6 3 5 10 
5 3 9 6 3 5 10 
1
10 4 1 5 6 5 9 9 
10 4 1 5 6 5 9 9 
1
10 2 3 3 4 
10 2 3 3 4 
1
5 7 5 2 8 
5 7 5 2 8 
1
10 7 6 3 4 7 7 9 4 
10 7 6 3 4 7 7 9 4 
1
7 2 7 2 6 10 6 
7 2 7 2 6 10 6 
1
10 4 9 10 9 9 
10 4 9 10 9 9 
1
4 7 5 7 6 9 10 6 8 
4 7 5 7 6 9 10 6 8 
1
5 2 7 1 9 3 1 7 7 
5 2 7 1 9 3 1 7 7 
1
1 10 9 4 1 2 3 
1 10 9 4 1 2 3 
1
1 4 2 5 3 2 4 6 6 
1 4 2 5 3 2 4 6 6 
1
9 4 3 9 7 6 3 
9 4 3 9 7 6 3 
1
2 2 7 6 9 4 
2 2 7 6 9 4 
1
1 5 6 1 4 6 7 10 
1 5 6 1 4 6 7 10 
1
8 5 1 5 6 3 7 
8 5 1 5 6 3 7 
1
4 6 8 6 1 6 9 
4 6 8 6 1 6 9 
1
2 5 8 8 5 10 9 
2 5 8 8 5 10 9 
1
3 10 6 1 9 5 7 7 2 
3 10 6 1 9 5 7 7 2 
1
9 6 5 3 8 9 3 
9 6 5 3 8 9 3 
1
5 4 6 3 9 7 9 1 10 
5 4 6 3 9 7 9 1 10 
1
1 3 6 9 7 7 
1 3 6 9 7 7 
1
1 2 3 4 3 2 9 
1 2 3 4 3 2 9 
1
9 9 4 2 4 
9 9 4 2 4 
1
2 4 7 7 3 4 4 8 
2 4 7 7 3 4 4 8 
1
7 9 2 6 9 5 6 1 10 
7 9 2 6 9 5 6 1 10 
1
6 5 8 10 6 3 10 
6 5 8 10 6 3 10 
1
2 8 3 4 3 5 4 10 
2 8 3 4 3 5 4 10 
1
2 4 7 7 6 
2 4 7 7 6 
1
10 4 2 5 7 9 8 10 9 
10 4 2 5 7 9 8 10 9 
1
4 6 7 10 2 5 6 
4 6 7 10 2 5 6 
1
10 1 7 8 6 1 5 10 4 
10 1 7 8 6 1 5 10 4 
1
3 2 10 5 8 3 6 
3 2 10 5 8 3 6 
1
10 8 4 7 10 7 8 8 
10 8 4 7 10 7 8 8 
1
7 6 7 10 7 4 1 9 
7 6 7 10 7 4 1 9 
1
3 3 6 1 9 8 4 
3 3 6 1 9 8 4 
1
1 2 6 5 7 
1 2 6 5 7 
1
4 4 7 1 10 9 1 2 2 
4 4 7 1 10 9 1 2 2 
1
8 3 3 5 7 10 10 1 9 
8 3 3 5 7 10 10 1 9 
1
4 3 1 9 9 5 5 5 
4 3 1 9 9 5 5 5 
1
7 4 1 10 7 2 10 
7 4 1 10 7 2 10 
1
10 10 4 6 6 10 1 8 
10 10 4 6 6 10 1 8 
1
9 6 8 1 2 2 2 2 
9 6 8 1 2 2 2 2 
1
10 3 4 3 10 9 2 
10 3 4 3 10 9 2 
1
8 3 7 5 8 7 7 2 6 
8 3 7 5 8 7 7 2 6 
1
9 10 10 8 7 10 
9 10 10 8 7 10 
1
10 9 3 7 1 
10 9 3 7 1 
1
6 6 4 7 3 8 8 10 
6 6 4 7 3 8 8 10 
1
2 10 10 6 5 9 
2 10 10 6 5 9 
1
5 8 8 8 10 2 2 8 10 
5 8 8 8 10 2 2 8 10 
1
2 3 3 3 9 2 4 
2 3 3 3 9 2 4 
1
5 3 9 6 3 5 10 
5 3 9 6 3 5 10 
1
10 4 1 5 6 5 9 9 
10 4 1 5 6 5 9 9 
1
10 2 3 3 4 
10 2 3 3 4 
1
5 7 5 2 8 
5 7 5 2 8 
1
10 7 6 3 4 7 7 9 4 
10 7 6 3 4 7 7 9 4 
1
7 2 7 2 6 10 6 
7 2 7 2 6 10 6 
1
10 4 9 10 9 9 
10 4 9 10 9 9 
1
4 7 5 7 6 9 10 6 8 
4 7 5 7 6 9 10 6 8 
1
5 2 7 1 9 3 1 7 7 
5 2 7 1 9 3 1 7 7 
1
1 10 9 4 1 2 3 
1 10 9 4 1 2 3 
1
1 4 2 5 3 2 4 6 6 
1 4 2 5 3 2 4 6 6 
1
9 4 3 9 7 6 3 
9 4 3 9 7 6 3 
1
2 2 7 6 9 4 
2 2 7 6 9 4 
1
1 5 6 1 4 6 7 10 
1 5 6 1 4 6 7 10 
1
8 5 1 5 6 3 7 
8 5 1 5 6 3 7 
1
4 6 8 6 1 6 9 
4 6 8 6 1 6 9 
1
2 5 8 8 5 10 9 
2 5 8 8 5 10 9 
1
3 10 6 1 9 5 7 7 2 
3 10 6 1 9 5 7 7 2 
1
9 6 5 3 8 9 3 
9 6 5 3 8 9 3 
1
5 4 6 3 9 7 9 1 10 
5 4 6 3 9 7 9 1 10 
1
1 3 6 9 7 7 
1 3 6 9 7 7 
1
1 2 3 4 3 2 9 
1 2 3 4 3 2 9 
1
9 9 4 2 4 
9 9 4 2 4 
1
2 4 7 7 3 4 4 8 
2 4 7 7 3 4 4 8 
1
7 9 2 6 9 5 6 1 10 
7 9 2 6 9 5 6 1 10 
1
6 5 8 10 6 3 10 
6 5 8 10 6 3 10 
1
2 8 3 4 3 5 4 10 
2 8 3 4 3 5 4 10 
1
2 4 7 7 6 
2 4 7 7 6 
1
10 4 2 5 7 9 8 10 9 
10 4 2 5 7 9 8 10 9 
1
4 6 7 10 2 5 6 
4 6 7 10 2 5 6 
1
10 1 7 8 6 1 5 10 4 
10 1 7 8 6 1 5 10 4 
1
3 2 10 5 8 3 6 
3 2 10 5 8 3 6 
1
10 8 4 7 10 7 8 8 
10 8 4 7 10 7 8 8 
1
7 6 7 10 7 4 1 9 
7 6 7 10 7 4 1 9 
1
3 3 6 1 9 8 4 
3 3 6 1 9 8 4 
1
1 2 6 5 7 
1 2 6 5 7 
1
4 4 7 1 10 9 1 2 2 
4 4 7 1 10 9 1 2 2 
1
8 3 3 5 7 10 10 1 9 
8 3 3 5 7 10 10 1 9 
1
4 3 1 9 9 5 5 5 
4 3 1 9 9 5 5 5 
1
7 4 1 10 7 2 10 
7 4 1 10 7 2 10 
1
10 10 4 6 6 10 1 8 
10 10 4 6 6 10 1 8 
1
9 6 8 1 2 2 2 2 
9 6 8 1 2 2 2 2 
1
10 3 4 3 10 9 2 
10 3 4 3 10 9 2 
1
8 3 7 5 8 7 7 2 6 
8 3 7 5 8 7 7 2 6 
1
9 10 10 8 7 10 
9 10 10 8 7 10 
1
10 9 3 7 1 
10 9 3 7 1 
1
6 6 4 7 3 8 8 10 
6 6 4 7 3 8 8 10 
1
2 10 10 6 5 9 
2 10 10 6 5 9 
1
5 8 8 8 10 2 2 8 10 
5 8 8 8 10 2 2 8 10 
1
2 3 3 3 9 2 4 
2 3 3 3 9 2 4 
1
5 3 9 6 3 5 10 
5 3 9 6 3 5 10 
1
10 4 1 5 6 5 9 9 
10 4 1 5 6 5 9 9 
1
10 2 3 3 4 
10 2 3 3 4 
1
5 7 5 2 8 
5 7 5 2 8 
1
10 7 6 3 4 7 7 9 4 
10 7 6 3 4 7 7 9 4 
1
7 2 7 2 6 10 6 
7 2 7 2 6 10 6 
1
10 4 9 10 9 9 
10 4 9 10 9 9 
1
4 7 5 7 6 9 10 6 8 
4 7 5 7 6 9 10 6 8 
1
5 2 7 1 9 3 1 7 7 
5 2 7 1 9 3 1 7 7 
1
1 10 9 4 1 2 3 
1 10 9 4 1 2 3 
1
1 4 2 5 3 2 4 6 6 
1 4 2 5 3 2 4 6 6 
1
9 4 3 9 7 6 3 
9 4 3 9 7 6 3 
1
2 2 7 6 9 4 
2 2 7 6 9 4 
1
1 5 6 1 4 6 7 10 
1 5 6 1 4 6 7 10 
1
8 5 1 5 6 3 7 
8 5 1 5 6 3 7 
1
4 6 8 6 1 6 9 
4 6 8 6 1 6 9 
1
2 5 8 8 5 10 9 
2 5 8 8 5 10 9 
1
3 10 6 1 9 5 7 7 2 
3 10 6 1 9 5 7 7 2 
1
9 6 5 3 8 9 3 
9 6 5 3 8 9 3 
1
5 4 6 3 9 7 9 1 10 
5 4 6 3 9 7 9 1 10 
1
1 3 6 9 7 7 
1 3 6 9 7 7 
1
1 2 3 4 3 2 9 
1 2 3 4 3 2 9 
1
9 9 4 2 4 
9 9 4 2 4 
1
2 4 7 7 3 4 4 8 
2 4 7 7 3 4 4 8 
1
7 9 2 6 9 5 6 1 10 
7 9 2 6 9 5 6 1 10 
1
6 5 8 10 6 3 10 
6 5 8 10 6 3 10 
1
2 8 3 4 3 5 4 10 
2 8 3 4 3 5 4 10 
1
2 4 7 7 6 
2 4 7 7 6 
1
10 4 2 5 7 9 8 10 9 
10 4 2 5 7 9 8 10 9 
1
4 6 7 10 2 5 6 
4 6 7 10 2 5 6 
1
10 1 7 8 6 1 5 10 4 
10 1 7 8 6 1 5 10 4 
1
3 2 10 5 8 3 6 
3 2 10 5 8 3 6 
1
10 8 4 7 10 7 8 8 
10 8 4 7 10 7 8 8 
1
7 6 7 10 7 4 1 9 
7 6 7 10 7 4 1 9 
1
3 3 6 1 9 8 4 
3 3 6 1 9 8 4 
1
1 2 6 5 7 
1 2 6 5 7 
1
4 4 7 1 10 9 1 2 2 
4 4 7 1 10 9 1 2 2 
1
8 3 3 5 7 10 10 1 9 
8 3 3 5 7 10 10 1 9 
1
4 3 1 9 9 5 5 5 
4 3 1 9 9 5 5 5 
1
7 4 1 10 7 2 10 
7 4 1 10 7 2 10 
1
10 10 4 6 6 10 1 8 
10 10 4 6 6 10 1 8 
1
9 6 8 1 2 2 2 2 
9 6 8 1 2 2 2 2 
1
10 3 4 3 10 9 2 
10 3 4 3 10 9 2 
1
8 3 7 5 8 7 7 2 6 
8 3 7 5 8 7 7 2 6 
1
9 10 10 8 7 10 
9 10 10 8 7 10 
1
10 9 3 7 1 
10 9 3 7 1 
1
6 6 4 7 3 8 8 10 
6 6 4 7 3 8 8 10 
1
2 10 10 6 5 9 
2 10 10 6 5 9 
1
5 8 8 8 10 2 2 8 10 
5 8 8 8 10 2 2 8 10 
1
2 3 3 3 9 2 4 
2 3 3 3 9 2 4 
1
5 3 9 6 3 5 10 
5 3 9 6 3 5 10 
1
10 4 1 5 6 5 9 9 
10 4 1 5 6 5 9 9 
1
10 2 3 3 4 
10 2 3 3 4 
1
5 7 5 2 8 
5 7 5 2 8 
1
10 7 6 3 4 7 7 9 4 
10 7 6 3 4 7 7 9 4 
1
7 2 7 2 6 10 6 
7 2 7 2 6 10 6 
1
10 4 9 10 9 9 
10 4 9 10 9 9 
1
4 7 5 7 6 9 10 6 8 
4 7 5 7 6 9 10 6 8 
1
5 2 7 1 9 3 1 7 7 
5 2 7 1 9 3 1 7 7 
1
1 10 9 4 1 2 3 
1 10 9 4 1 2 3 
1
1 4 2 5 3 2 4 6 6 
1 4 2 5 3 2 4 6 6 
1
9 4 3 9 7 6 3 
9 4 3 9 7 6 3 
1
2 2 7 6 9 4 
2 2 7 6 9 4 
1
1 5 6 1 4 6 7 10 
1 5 6 1 4 6 7 10 
1
8 5 1 5 6 3 7 
8 5 1 5 6 3 7 
1
4 6 8 6 1 6 9 
4 6 8 6 1 6 9 
1
2 5 8 8 5 10 9 
2 5 8 8 5 10 9 
1
3 10 6 1 9 5 7 7 2 
3 10 6 1 9 5 7 7 2 
1
9 6 5 3 8 9 3 
9 6 5 3 8 9 3 
1
5 4 6 3 9 7 9 1 10 
5 4 6 3 9 7 9 1 10 
1
1 3 6 9 7 7 
33 
2
1 2 3 4 3 2 9 
24 
2
9 9 4 2 4 
28 
2
2 4 7 7 3 4 4 8 
39 
2
7 9 2 6 9 5 6 1 10 
55 
2
6 5 8 10 6 3 10 
48 
2
2 8 3 4 3 5 4 10 
39 
2
2 4 7 7 6 
26 
2
10 4 2 5 7 9 8 10 9 
64 
2
4 6 7 10 2 5 6 
40 
2
10 1 7 8 6 1 5 10 4 
52 
2
3 2 10 5 8 3 6 
37 
2
10 8 4 7 10 7 8 8 
62 
2
7 6 7 10 7 4 1 9 
51 
2
3 3 6 1 9 8 4 
34 
2
1 2 6 5 7 
21 
2
4 4 7 1 10 9 1 2 2 
40 
2
8 3 3 5 7 10 10 1 9 
56 
2
4 3 1 9 9 5 5 5 
41 
2
7 4 1 10 7 2 10 
41 
2
10 10 4 6 6 10 1 8 
55 
2
9 6 8 1 2 2 2 2 
32 
2
10 3 4 3 10 9 2 
41 
2
8 3 7 5 8 7 7 2 6 
53 
2
9 10 10 8 7 10 
54 
2
10 9 3 7 1 
30 
2
6 6 4 7 3 8 8 10 
52 
2
2 10 10 6 5 9 
42 
2
5 8 8 8 10 2 2 8 10 
61 
2
2 3 3 3 9 2 4 
26 
2
5 3 9 6 3 5 10 
41 
2
10 4 1 5 6 5 9 9 
49 
2
10 2 3 3 4 
22 
2
5 7 5 2 8 
27 
2
10 7 6 3 4 7 7 9 4 
57 
2
7 2 7 2 6 10 6 
40 
2
10 4 9 10 9 9 
51 
2
4 7 5 7 6 9 10 6 8 
62 
2
5 2 7 1 9 3 1 7 7 
42 
2
1 10 9 4 1 2 3 
30 
2
1 4 2 5 3 2 4 6 6 
33 
2
9 4 3 9 7 6 3 
41 
2
2 2 7 6 9 4 
30 
2
1 5 6 1 4 6 7 10 
40 
2
8 5 1 5 6 3 7 
35 
2
4 6 8 6 1 6 9 
40 
2
2 5 8 8 5 10 9 
47 
2
3 10 6 1 9 5 7 7 2 
50 
2
9 6 5 3 8 9 3 
43 
2
5 4 6 3 9 7 9 1 10 
54 
2
1 3 6 9 7 7 
1 3 6 9 7 7 
2
1 2 3 4 3 2 9 
1 2 3 4 3 2 9 
2
9 9 4 2 4 
9 9 4 2 4 
2
2 4 7 7 3 4 4 8 
2 4 7 7 3 4 4 8 
2
7 9 2 6 9 5 6 1 10 
7 9 2 6 9 5 6 1 10 
2
6 5 8 10 6 3 10 
6 5 8 10 6 3 10 
2
2 8 3 4 3 5 4 10 
2 8 3 4 3 5 4 10 
2
2 4 7 7 6 
2 4 7 7 6 
2
10 4 2 5 7 9 8 10 9 
10 4 2 5 7 9 8 10 9 
2
4 6 7 10 2 5 6 
4 6 7 10 2 5 6 
2
10 1 7 8 6 1 5 10 4 
10 1 7 8 6 1 5 10 4 
2
3 2 10 5 8 3 6 
3 2 10 5 8 3 6 
2
10 8 4 7 10 7 8 8 
10 8 4 7 10 7 8 8 
2
7 6 7 10 7 4 1 9 
7 6 7 10 7 4 1 9 
2
3 3 6 1 9 8 4 
3 3 6 1 9 8 4 
2
1 2 6 5 7 
1 2 6 5 7 
2
4 4 7 1 10 9 1 2 2 
4 4 7 1 10 9 1 2 2 
2
8 3 3 5 7 10 10 1 9 
8 3 3 5 7 10 10 1 9 
2
4 3 1 9 9 5 5 5 
4 3 1 9 9 5 5 5 
2
7 4 1 10 7 2 10 
7 4 1 10 7 2 10 
2
10 10 4 6 6 10 1 8 
10 10 4 6 6 10 1 8 
2
9 6 8 1 2 2 2 2 
9 6 8 1 2 2 2 2 
2
10 3 4 3 10 9 2 
10 3 4 3 10 9 2 
2
8 3 7 5 8 7 7 2 6 
8 3 7 5 8 7 7 2 6 
2
9 10 10 8 7 10 
9 10 10 8 7 10 
2
10 9 3 7 1 
10 9 3 7 1 
2
6 6 4 7 3 8 8 10 
6 6 4 7 3 8 8 10 
2
2 10 10 6 5 9 
2 10 10 6 5 9 
2
5 8 8 8 10 2 2 8 10 
5 8 8 8 10 2 2 8 10 
2
2 3 3 3 9 2 4 
2 3 3 3 9 2 4 
2
5 3 9 6 3 5 10 
5 3 9 6 3 5 10 
2
10 4 1 5 6 5 9 9 
10 4 1 5 6 5 9 9 
2
10 2 3 3 4 
10 2 3 3 4 
2
5 7 5 2 8 
5 7 5 2 8 
2
10 7 6 3 4 7 7 9 4 
10 7 6 3 4 7 7 9 4 
2
7 2 7 2 6 10 6 
7 2 7 2 6 10 6 
2
10 4 9 10 9 9 
10 4 9 10 9 9 
2
4 7 5 7 6 9 10 6 8 
4 7 5 7 6 9 10 6 8 
2
5 2 7 1 9 3 1 7 7 
5 2 7 1 9 3 1 7 7 
2
1 10 9 4 1 2 3 
1 10 9 4 1 2 3 
2
1 4 2 5 3 2 4 6 6 
1 4 2 5 3 2 4 6 6 
2
9 4 3 9 7 6 3 
9 4 3 9 7 6 3 
2
2 2 7 6 9 4 
2 2 7 6 9 4 
2
1 5 6 1 4 6 7 10 
1 5 6 1 4 6 7 10 
2
8 5 1 5 6 3 7 
8 5 1 5 6 3 7 
2
4 6 8 6 1 6 9 
4 6 8 6 1 6 9 
2
2 5 8 8 5 10 9 
2 5 8 8 5 10 9 
2
3 10 6 1 9 5 7 7 2 
3 10 6 1 9 5 7 7 2 
2
9 6 5 3 8 9 3 
9 6 5 3 8 9 3 
2
5 4 6 3 9 7 9 1 10 
5 4 6 3 9 7 9 1 10 
2
1 3 6 9 7 7 
1 3 6 9 7 7 
2
1 2 3 4 3 2 9 
1 2 3 4 3 2 9 
2
9 9 4 2 4 
9 9 4 2 4 
2
2 4 7 7 3 4 4 8 
2 4 7 7 3 4 4 8 
2
7 9 2 6 9 5 6 1 10 
7 9 2 6 9 5 6 1 10 
2
6 5 8 10 6 3 10 
6 5 8 10 6 3 10 
2
2 8 3 4 3 5 4 10 
2 8 3 4 3 5 4 10 
2
2 4 7 7 6 
2 4 7 7 6 
2
10 4 2 5 7 9 8 10 9 
10 4 2 5 7 9 8 10 9 
2
4 6 7 10 2 5 6 
4 6 7 10 2 5 6 
2
10 1 7 8 6 1 5 10 4 
10 1 7 8 6 1 5 10 4 
2
3 2 10 5 8 3 6 
3 2 10 5 8 3 6 
2
10 8 4 7 10 7 8 8 
10 8 4 7 10 7 8 8 
2
7 6 7 10 7 4 1 9 
7 6 7 10 7 4 1 9 
2
3 3 6 1 9 8 4 
3 3 6 1 9 8 4 
2
1 2 6 5 7 
1 2 6 5 7 
2
4 4 7 1 10 9 1 2 2 
4 4 7 1 10 9 1 2 2 
2
8 3 3 5 7 10 10 1 9 
8 3 3 5 7 10 10 1 9 
2
4 3 1 9 9 5 5 5 
4 3 1 9 9 5 5 5 
2
7 4 1 10 7 2 10 
7 4 1 10 7 2 10 
2
10 10 4 6 6 10 1 8 
10 10 4 6 6 10 1 8 
2
9 6 8 1 2 2 2 2 
9 6 8 1 2 2 2 2 
2
10 3 4 3 10 9 2 
10 3 4 3 10 9 2 
2
8 3 7 5 8 7 7 2 6 
8 3 7 5 8 7 7 2 6 
2
9 10 10 8 7 10 
9 10 10 8 7 10 
2
10 9 3 7 1 
10 9 3 7 1 
2
6 6 4 7 3 8 8 10 
6 6 4 7 3 8 8 10 
2
2 10 10 6 5 9 
2 10 10 6 5 9 
2
5 8 8 8 10 2 2 8 10 
5 8 8 8 10 2 2 8 10 
2
2 3 3 3 9 2 4 
2 3 3 3 9 2 4 
2
5 3 9 6 3 5 10 
5 3 9 6 3 5 10 
2
10 4 1 5 6 5 9 9 
10 4 1 5 6 5 9 9 
2
10 2 3 3 4 
10 2 3 3 4 
2
5 7 5 2 8 
5 7 5 2 8 
2
10 7 6 3 4 7 7 9 4 
10 7 6 3 4 7 7 9 4 
2
7 2 7 2 6 10 6 
7 2 7 2 6 10 6 
2
10 4 9 10 9 9 
10 4 9 10 9 9 
2
4 7 5 7 6 9 10 6 8 
4 7 5 7 6 9 10 6 8 
2
5 2 7 1 9 3 1 7 7 
5 2 7 1 9 3 1 7 7 
2
1 10 9 4 1 2 3 
1 10 9 4 1 2 3 
2
1 4 2 5 3 2 4 6 6 
1 4 2 5 3 2 4 6 6 
2
9 4 3 9 7 6 3 
9 4 3 9 7 6 3 
2
2 2 7 6 9 4 
2 2 7 6 9 4 
2
1 5 6 1 4 6 7 10 
1 5 6 1 4 6 7 10 
2
8 5 1 5 6 3 7 
8 5 1 5 6 3 7 
2
4 6 8 6 1 6 9 
4 6 8 6 1 6 9 
2
2 5 8 8 5 10 9 
2 5 8 8 5 10 9 
2
3 10 6 1 9 5 7 7 2 
3 10 6 1 9 5 7 7 2 
2
9 6 5 3 8 9 3 
9 6 5 3 8 9 3 
2
5 4 6 3 9 7 9 1 10 
5 4 6 3 9 7 9 1 10 
2
1 3 6 9 7 7 
33 
3
1 2 3 4 3 2 9 
24 
3
9 9 4 2 4 
28 
3
2 4 7 7 3 4 4 8 
39 
3
7 9 2 6 9 5 6 1 10 
55 
3
6 5 8 10 6 3 10 
48 
3
2 8 3 4 3 5 4 10 
39 
3
2 4 7 7 6 
26 
3
10 4 2 5 7 9 8 10 9 
64 
3
4 6 7 10 2 5 6 
40 
3
10 1 7 8 6 1 5 10 4 
52 
3
3 2 10 5 8 3 6 
37 
3
10 8 4 7 10 7 8 8 
62 
3
7 6 7 10 7 4 1 9 
51 
3
3 3 6 1 9 8 4 
34 
3
1 2 6 5 7 
21 
3
4 4 7 1 10 9 1 2 2 
40 
3
8 3 3 5 7 10 10 1 9 
56 
3
4 3 1 9 9 5 5 5 
41 
3
7 4 1 10 7 2 10 
41 
3
10 10 4 6 6 10 1 8 
55 
3
9 6 8 1 2 2 2 2 
32 
3
10 3 4 3 10 9 2 
41 
3
8 3 7 5 8 7 7 2 6 
53 
3
9 10 10 8 7 10 
54 
3
10 9 3 7 1 
30 
3
6 6 4 7 3 8 8 10 
52 
3
2 10 10 6 5 9 
42 
3
5 8 8 8 10 2 2 8 10 
61 
3
2 3 3 3 9 2 4 
26 
3
5 3 9 6 3 5 10 
41 
3
10 4 1 5 6 5 9 9 
49 
3
10 2 3 3 4 
22 
3
5 7 5 2 8 
27 
3
10 7 6 3 4 7 7 9 4 
57 
3
7 2 7 2 6 10 6 
40 
3
10 4 9 10 9 9 
51 
3
4 7 5 7 6 9 10 6 8 
62 
3
5 2 7 1 9 3 1 7 7 
42 
3
1 10 9 4 1 2 3 
30 
3
1 4 2 5 3 2 4 6 6 
33 
3
9 4 3 9 7 6 3 
41 
3
2 2 7 6 9 4 
30 
3
1 5 6 1 4 6 7 10 
40 
3
8 5 1 5 6 3 7 
35 
3
4 6 8 6 1 6 9 
40 
3
2 5 8 8 5 10 9 
47 
3
3 10 6 1 9 5 7 7 2 
50 
3
9 6 5 3 8 9 3 
43 
3
5 4 6 3 9 7 9 1 10 
54 
3
1 3 6 9 7 7 
0 0 0 0 0 0 
2
1 2 3 4 3 2 9 
0 0 0 0 0 0 0 
2
9 9 4 2 4 
0 0 0 0 0 
2
2 4 7 7 3 4 4 8 
0 0 0 0 0 0 0 0 
2
7 9 2 6 9 5 6 1 10 
0 0 0 0 0 0 0 0 0 
2
6 5 8 10 6 3 10 
0 0 0 0 0 0 0 
2
2 8 3 4 3 5 4 10 
0 0 0 0 0 0 0 0 
2
2 4 7 7 6 
0 0 0 0 0 
2
10 4 2 5 7 9 8 10 9 
0 0 0 0 0 0 0 0 0 
2
4 6 7 10 2 5 6 
0 0 0 0 0 0 0 
2
10 1 7 8 6 1 5 10 4 
0 0 0 0 0 0 0 0 0 
2
3 2 10 5 8 3 6 
0 0 0 0 0 0 0 
2
10 8 4 7 10 7 8 8 
0 0 0 0 0 0 0 0 
2
7 6 7 10 7 4 1 9 
0 0 0 0 0 0 0 0 
2
3 3 6 1 9 8 4 
0 0 0 0 0 0 0 
2
1 2 6 5 7 
0 0 0 0 0 
2
4 4 7 1 10 9 1 2 2 
0 0 0 0 0 0 0 0 0 
2
8 3 3 5 7 10 10 1 9 
0 0 0 0 0 0 0 0 0 
2
4 3 1 9 9 5 5 5 
0 0 0 0 0 0 0 0 
2
7 4 1 10 7 2 10 
0 0 0 0 0 0 0 
2
10 10 4 6 6 10 1 8 
0 0 0 0 0 0 0 0 
2
9 6 8 1 2 2 2 2 
0 0 0 0 0 0 0 0 
2
10 3 4 3 10 9 2 
0 0 0 0 0 0 0 
2
8 3 7 5 8 7 7 2 6 
0 0 0 0 0 0 0 0 0 
2
9 10 10 8 7 10 
0 0 0 0 0 0 
2
10 9 3 7 1 
0 0 0 0 0 
2
6 6 4 7 3 8 8 10 
0 0 0 0 0 0 0 0 
2
2 10 10 6 5 9 
0 0 0 0 0 0 
2
5 8 8 8 10 2 2 8 10 
0 0 0 0 0 0 0 0 0 
2
2 3 3 3 9 2 4 
0 0 0 0 0 0 0 
2
5 3 9 6 3 5 10 
0 0 0 0 0 0 0 
2
10 4 1 5 6 5 9 9 
0 0 0 0 0 0 0 0 
2
10 2 3 3 4 
0 0 0 0 0 
2
5 7 5 2 8 
0 0 0 0 0 
2
10 7 6 3 4 7 7 9 4 
0 0 0 0 0 0 0 0 0 
2
7 2 7 2 6 10 6 
0 0 0 0 0 0 0 
2
10 4 9 10 9 9 
0 0 0 0 0 0 
2
4 7 5 7 6 9 10 6 8 
0 0 0 0 0 0 0 0 0 
2
5 2 7 1 9 3 1 7 7 
0 0 0 0 0 0 0 0 0 
2
1 10 9 4 1 2 3 
0 0 0 0 0 0 0 
2
1 4 2 5 3 2 4 6 6 
0 0 0 0 0 0 0 0 0 
2
9 4 3 9 7 6 3 
0 0 0 0 0 0 0 
2
2 2 7 6 9 4 
0 0 0 0 0 0 
2
1 5 6 1 4 6 7 10 
0 0 0 0 0 0 0 0 
2
8 5 1 5 6 3 7 
0 0 0 0 0 0 0 
2
4 6 8 6 1 6 9 
0 0 0 0 0 0 0 
2
2 5 8 8 5 10 9 
0 0 0 0 0 0 0 
2
3 10 6 1 9 5 7 7 2 
0 0 0 0 0 0 0 0 0 
2
9 6 5 3 8 9 3 
0 0 0 0 0 0 0 
2
5 4 6 3 9 7 9 1 10 
0 0 0 0 0 0 0 0 0 
2
1 3 6 9 7 7 
0 0 0 0 0 0 
2
1 2 3 4 3 2 9 
0 0 0 0 0 0 0 
2
9 9 4 2 4 
0 0 0 0 0 
2
2 4 7 7 3 4 4 8 
0 0 0 0 0 0 0 0 
2
7 9 2 6 9 5 6 1 10 
0 0 0 0 0 0 0 0 0 
2
6 5 8 10 6 3 10 
0 0 0 0 0 0 0 
2
2 8 3 4 3 5 4 10 
0 0 0 0 0 0 0 0 
2
2 4 7 7 6 
0 0 0 0 0 
2
10 4 2 5 7 9 8 10 9 
0 0 0 0 0 0 0 0 0 
2
4 6 7 10 2 5 6 
0 0 0 0 0 0 0 
2
10 1 7 8 6 1 5 10 4 
0 0 0 0 0 0 0 0 0 
2
3 2 10 5 8 3 6 
0 0 0 0 0 0 0 
2
10 8 4 7 10 7 8 8 
0 0 0 0 0 0 0 0 
2
7 6 7 10 7 4 1 9 
0 0 0 0 0 0 0 0 
2
3 3 6 1 9 8 4 
0 0 0 0 0 0 0 
2
1 2 6 5 7 
0 0 0 0 0 
2
4 4 7 1 10 9 1 2 2 
0 0 0 0 0 0 0 0 0 
2
8 3 3 5 7 10 10 1 9 
0 0 0 0 0 0 0 0 0 
2
4 3 1 9 9 5 5 5 
0 0 0 0 0 0 0 0 
2
7 4 1 10 7 2 10 
0 0 0 0 0 0 0 
2
10 10 4 6 6 10 1 8 
0 0 0 0 0 0 0 0 
2
9 6 8 1 2 2 2 2 
0 0 0 0 0 0 0 0 
2
10 3 4 3 10 9 2 
0 0 0 0 0 0 0 
2
8 3 7 5 8 7 7 2 6 
0 0 0 0 0 0 0 0 0 
2
9 10 10 8 7 10 
0 0 0 0 0 0 
2
10 9 3 7 1 
0 0 0 0 0 
2
6 6 4 7 3 8 8 10 
0 0 0 0 0 0 0 0 
2
2 10 10 6 5 9 
0 0 0 0 0 0 
2
5 8 8 8 10 2 2 8 10 
0 0 0 0 0 0 0 0 0 
2
2 3 3 3 9 2 4 
0 0 0 0 0 0 0 
2
5 3 9 6 3 5 10 
0 0 0 0 0 0 0 
2
10 4 1 5 6 5 9 9 
0 0 0 0 0 0 0 0 
2
10 2 3 3 4 
0 0 0 0 0 
2
5 7 5 2 8 
0 0 0 0 0 
2
10 7 6 3 4 7 7 9 4 
0 0 0 0 0 0 0 0 0 
2
7 2 7 2 6 10 6 
0 0 0 0 0 0 0 
2
10 4 9 10 9 9 
0 0 0 0 0 0 
2
4 7 5 7 6 9 10 6 8 
0 0 0 0 0 0 0 0 0 
2
5 2 7 1 9 3 1 7 7 
0 0 0 0 0 0 0 0 0 
2
1 10 9 4 1 2 3 
0 0 0 0 0 0 0 
2
1 4 2 5 3 2 4 6 6 
0 0 0 0 0 0 0 0 0 
2
9 4 3 9 7 6 3 
0 0 0 0 0 0 0 
2
2 2 7 6 9 4 
0 0 0 0 0 0 
2
1 5 6 1 4 6 7 10 
0 0 0 0 0 0 0 0 
2
8 5 1 5 6 3 7 
0 0 0 0 0 0 0 
2
4 6 8 6 1 6 9 
0 0 0 0 0 0 0 
2
2 5 8 8 5 10 9 
0 0 0 0 0 0 0 
2
3 10 6 1 9 5 7 7 2 
0 0 0 0 0 0 0 0 0 
2
9 6 5 3 8 9 3 
0 0 0 0 0 0 0 
2
5 4 6 3 9 7 9 1 10 
0 0 0 0 0 0 0 0 0 
2
1 3 6 9 7 7 
0 0 0 0 0 0 
2
1 2 3 4 3 2 9 
0 0 0 0 0 0 0 
2
9 9 4 2 4 
0 0 0 0 0 
2
2 4 7 7 3 4 4 8 
0 0 0 0 0 0 0 0 
2
7 9 2 6 9 5 6 1 10 
0 0 0 0 0 0 0 0 0 
2
6 5 8 10 6 3 10 
0 0 0 0 0 0 0 
2
2 8 3 4 3 5 4 10 
0 0 0 0 0 0 0 0 
2
2 4 7 7 6 
0 0 0 0 0 
2
10 4 2 5 7 9 8 10 9 
0 0 0 0 0 0 0 0 0 
2
4 6 7 10 2 5 6 
0 0 0 0 0 0 0 
2
10 1 7 8 6 1 5 10 4 
0 0 0 0 0 0 0 0 0 
2
3 2 10 5 8 3 6 
0 0 0 0 0 0 0 
2
10 8 4 7 10 7 8 8 
0 0 0 0 0 0 0 0 
2
7 6 7 10 7 4 1 9 
0 0 0 0 0 0 0 0 
2
3 3 6 1 9 8 4 
0 0 0 0 0 0 0 
2
1 2 6 5 7 
0 0 0 0 0 
2
4 4 7 1 10 9 1 2 2 
0 0 0 0 0 0 0 0 0 
2
8 3 3 5 7 10 10 1 9 
0 0 0 0 0 0 0 0 0 
2
4 3 1 9 9 5 5 5 
0 0 0 0 0 0 0 0 
2
7 4 1 10 7 2 10 
0 0 0 0 0 0 0 
2
10 10 4 6 6 10 1 8 
0 0 0 0 0 0 0 0 
2
9 6 8 1 2 2 2 2 
0 0 0 0 0 0 0 0 
2
10 3 4 3 10 9 2 
0 0 0 0 0 0 0 
2
8 3 7 5 8 7 7 2 6 
0 0 0 0 0 0 0 0 0 
2
9 10 10 8 7 10 
0 0 0 0 0 0 
2
10 9 3 7 1 
0 0 0 0 0 
2
6 6 4 7 3 8 8 10 
0 0 0 0 0 0 0 0 
2
2 10 10 6 5 9 
0 0 0 0 0 0 
2
5 8 8 8 10 2 2 8 10 
0 0 0 0 0 0 0 0 0 
2
2 3 3 3 9 2 4 
0 0 0 0 0 0 0 
2
5 3 9 6 3 5 10 
0 0 0 0 0 0 0 
2
10 4 1 5 6 5 9 9 
0 0 0 0 0 0 0 0 
2
10 2 3 3 4 
0 0 0 0 0 
2
5 7 5 2 8 
0 0 0 0 0 
2
10 7 6 3 4 7 7 9 4 
0 0 0 0 0 0 0 0 0 
2
7 2 7 2 6 10 6 
0 0 0 0 0 0 0 
2
10 4 9 10 9 9 
0 0 0 0 0 0 
2
4 7 5 7 6 9 10 6 8 
0 0 0 0 0 0 0 0 0 
2
5 2 7 1 9 3 1 7 7 
0 0 0 0 0 0 0 0 0 
2
1 10 9 4 1 2 3 
0 0 0 0 0 0 0 
2
1 4 2 5 3 2 4 6 6 
0 0 0 0 0 0 0 0 0 
2
9 4 3 9 7 6 3 
0 0 0 0 0 0 0 
2
2 2 7 6 9 4 
0 0 0 0 0 0 
2
1 5 6 1 4 6 7 10 
0 0 0 0 0 0 0 0 
2
8 5 1 5 6 3 7 
0 0 0 0 0 0 0 
2
4 6 8 6 1 6 9 
0 0 0 0 0 0 0 
2
2 5 8 8 5 10 9 
0 0 0 0 0 0 0 
2
3 10 6 1 9 5 7 7 2 
0 0 0 0 0 0 0 0 0 
2
9 6 5 3 8 9 3 
0 0 0 0 0 0 0 
2
5 4 6 3 9 7 9 1 10 
0 0 0 0 0 0 0 0 0 
2
1 3 6 9 7 7 
0 
3
1 2 3 4 3 2 9 
0 
3
9 9 4 2 4 
0 
3
2 4 7 7 3 4 4 8 
0 
3
7 9 2 6 9 5 6 1 10 
0 
3
6 5 8 10 6 3 10 
0 
3
2 8 3 4 3 5 4 10 
0 
3
2 4 7 7 6 
0 
3
10 4 2 5 7 9 8 10 9 
0 
3
4 6 7 10 2 5 6 
0 
3
10 1 7 8 6 1 5 10 4 
0 
3
3 2 10 5 8 3 6 
0 
3
10 8 4 7 10 7 8 8 
0 
3
7 6 7 10 7 4 1 9 
0 
3
3 3 6 1 9 8 4 
0 
3
1 2 6 5 7 
0 
3
4 4 7 1 10 9 1 2 2 
0 
3
8 3 3 5 7 10 10 1 9 
0 
3
4 3 1 9 9 5 5 5 
0 
3
7 4 1 10 7 2 10 
0 
3
10 10 4 6 6 10 1 8 
0 
3
9 6 8 1 2 2 2 2 
0 
3
10 3 4 3 10 9 2 
0 
3
8 3 7 5 8 7 7 2 6 
0 
3
9 10 10 8 7 10 
0 
3
10 9 3 7 1 
0 
3
6 6 4 7 3 8 8 10 
0 
3
2 10 10 6 5 9 
0 
3
5 8 8 8 10 2 2 8 10 
0 
3
2 3 3 3 9 2 4 
0 
3
5 3 9 6 3 5 10 
0 
3
10 4 1 5 6 5 9 9 
0 
3
10 2 3 3 4 
0 
3
5 7 5 2 8 
0 
3
10 7 6 3 4 7 7 9 4 
0 
3
7 2 7 2 6 10 6 
0 
3
10 4 9 10 9 9 
0 
3
4 7 5 7 6 9 10 6 8 
0 
3
5 2 7 1 9 3 1 7 7 
0 
3
1 10 9 4 1 2 3 
0 
3
1 4 2 5 3 2 4 6 6 
0 
3
9 4 3 9 7 6 3 
0 
3
2 2 7 6 9 4 
0 
3
1 5 6 1 4 6 7 10 
0 
3
8 5 1 5 6 3 7 
0 
3
4 6 8 6 1 6 9 
0 
3
2 5 8 8 5 10 9 
0 
3
3 10 6 1 9 5 7 7 2 
0 
3
9 6 5 3 8 9 3 
0 
3
5 4 6 3 9 7 9 1 10 
0 
3
1 3 6 9 7 7 

3
1 2 3 4 3 2 9 

3
9 9 4 2 4 

3
2 4 7 7 3 4 4 8 

3
7 9 2 6 9 5 6 1 10 

3
6 5 8 10 6 3 10 

3
2 8 3 4 3 5 4 10 

3
2 4 7 7 6 

3
10 4 2 5 7 9 8 10 9 

3
4 6 7 10 2 5 6 

3
10 1 7 8 6 1 5 10 4 

3
3 2 10 5 8 3 6 

3
10 8 4 7 10 7 8 8 

3
7 6 7 10 7 4 1 9 

3
3 3 6 1 9 8 4 

3
1 2 6 5 7 

3
4 4 7 1 10 9 1 2 2 

3
8 3 3 5 7 10 10 1 9 

3
4 3 1 9 9 5 5 5 

3
7 4 1 10 7 2 10 

3
10 10 4 6 6 10 1 8 

3
9 6 8 1 2 2 2 2 

3
10 3 4 3 10 9 2 

3
8 3 7 5 8 7 7 2 6 

3
9 10 10 8 7 10 

3
10 9 3 7 1 

3
6 6 4 7 3 8 8 10 

3
2 10 10 6 5 9 

3
5 8 8 8 10 2 2 8 10 

3
2 3 3 3 9 2 4 

3
5 3 9 6 3 5 10 

3
10 4 1 5 6 5 9 9 

3
10 2 3 3 4 

3
5 7 5 2 8 

3
10 7 6 3 4 7 7 9 4 

3
7 2 7 2 6 10 6 

3
10 4 9 10 9 9 

3
4 7 5 7 6 9 10 6 8 

3
5 2 7 1 9 3 1 7 7 

3
1 10 9 4 1 2 3 

3
1 4 2 5 3 2 4 6 6 

3
9 4 3 9 7 6 3 

3
2 2 7 6 9 4 

3
1 5 6 1 4 6 7 10 

3
8 5 1 5 6 3 7 

3
4 6 8 6 1 6 9 

3
2 5 8 8 5 10 9 

3
3 10 6 1 9 5 7 7 2 

3
9 6 5 3 8 9 3 

3
5 4 6 3 9 7 9 1 10 

3
1 3 6 9 7 7 

3
1 2 3 4 3 2 9 

3
9 9 4 2 4 

3
2 4 7 7 3 4 4 8 

3
7 9 2 6 9 5 6 1 10 

3
6 5 8 10 6 3 10 

3
2 8 3 4 3 5 4 10 

3
2 4 7 7 6 

3
10 4 2 5 7 9 8 10 9 

3
4 6 7 10 2 5 6 

3
10 1 7 8 6 1 5 10 4 

3
3 2 10 5 8 3 6 

3
10 8 4 7 10 7 8 8 

3
7 6 7 10 7 4 1 9 

3
3 3 6 1 9 8 4 

3
1 2 6 5 7 

3
4 4 7 1 10 9 1 2 2 

3
8 3 3 5 7 10 10 1 9 

3
4 3 1 9 9 5 5 5 

3
7 4 1 10 7 2 10 

3
10 10 4 6 6 10 1 8 

3
9 6 8 1 2 2 2 2 

3
10 3 4 3 10 9 2 

3
8 3 7 5 8 7 7 2 6 

3
9 10 10 8 7 10 

3
10 9 3 7 1 

3
6 6 4 7 3 8 8 10 

3
2 10 10 6 5 9 

3
5 8 8 8 10 2 2 8 10 

3
2 3 3 3 9 2 4 

3
5 3 9 6 3 5 10 

3
10 4 1 5 6 5 9 9 

3
10 2 3 3 4 

3
5 7 5 2 8 

3
10 7 6 3 4 7 7 9 4 

3
7 2 7 2 6 10 6 

3
10 4 9 10 9 9 

3
4 7 5 7 6 9 10 6 8 

3
5 2 7 1 9 3 1 7 7 

3
1 10 9 4 1 2 3 

3
1 4 2 5 3 2 4 6 6 

3
9 4 3 9 7 6 3 

3
2 2 7 6 9 4 

3
1 5 6 1 4 6 7 10 

3
8 5 1 5 6 3 7 

3
4 6 8 6 1 6 9 

3
2 5 8 8 5 10 9 

3
3 10 6 1 9 5 7 7 2 

3
9 6 5 3 8 9 3 

3
5 4 6 3 9 7 9 1 10 

3
1 3 6 9 7 7 

4
1 2 3 4 3 2 9 

4
9 9 4 2 4 

4
2 4 7 7 3 4 4 8 

4
7 9 2 6 9 5 6 1 10 

4
6 5 8 10 6 3 10 

4
2 8 3 4 3 5 4 10 

4
2 4 7 7 6 

4
10 4 2 5 7 9 8 10 9 

4
4 6 7 10 2 5 6 

4
10 1 7 8 6 1 5 10 4 

4
3 2 10 5 8 3 6 

4
10 8 4 7 10 7 8 8 

4
7 6 7 10 7 4 1 9 

4
3 3 6 1 9 8 4 

4
1 2 6 5 7 

4
4 4 7 1 10 9 1 2 2 

4
8 3 3 5 7 10 10 1 9 

4
4 3 1 9 9 5 5 5 

4
7 4 1 10 7 2 10 

4
10 10 4 6 6 10 1 8 

4
9 6 8 1 2 2 2 2 

4
10 3 4 3 10 9 2 

4
8 3 7 5 8 7 7 2 6 

4
9 10 10 8 7 10 

4
10 9 3 7 1 

4
6 6 4 7 3 8 8 10 

4
2 10 10 6 5 9 

4
5 8 8 8 10 2 2 8 10 

4
2 3 3 3 9 2 4 

4
5 3 9 6 3 5 10 

4
10 4 1 5 6 5 9 9 

4
10 2 3 3 4 

4
5 7 5 2 8 

4
10 7 6 3 4 7 7 9 4 

4
7 2 7 2 6 10 6 

4
10 4 9 10 9 9 

4
4 7 5 7 6 9 10 6 8 

4
5 2 7 1 9 3 1 7 7 

4
1 10 9 4 1 2 3 

4
1 4 2 5 3 2 4 6 6 

4
9 4 3 9 7 6 3 

4
2 2 7 6 9 4 

4
1 5 6 1 4 6 7 10 

4
8 5 1 5 6 3 7 

4
4 6 8 6 1 6 9 

4
2 5 8 8 5 10 9 

4
3 10 6 1 9 5 7 7 2 

4
9 6 5 3 8 9 3 

4
5 4 6 3 9 7 9 1 10 

4
1 3 6 9 7 7 
1 1 1 1 1 1 
2
1 2 3 4 3 2 9 
1 1 1 1 1 1 1 
2
9 9 4 2 4 
9 9 4 2 2 
2
2 4 7 7 3 4 4 8 
2 2 2 2 2 2 2 2 
2
7 9 2 6 9 5 6 1 10 
7 7 2 2 2 2 2 1 1 
2
6 5 8 10 6 3 10 
6 5 5 5 5 3 3 
2
2 8 3 4 3 5 4 10 
2 2 2 2 2 2 2 2 
2
2 4 7 7 6 
2 2 2 2 2 
2
10 4 2 5 7 9 8 10 9 
10 4 2 2 2 2 2 2 2 
2
4 6 7 10 2 5 6 
4 4 4 4 2 2 2 
2
10 1 7 8 6 1 5 10 4 
10 1 1 1 1 1 1 1 1 
2
3 2 10 5 8 3 6 
3 2 2 2 2 2 2 
2
10 8 4 7 10 7 8 8 
10 8 4 4 4 4 4 4 
2
7 6 7 10 7 4 1 9 
7 6 6 6 6 4 1 1 
2
3 3 6 1 9 8 4 
3 3 3 1 1 1 1 
2
1 2 6 5 7 
1 1 1 1 1 
2
4 4 7 1 10 9 1 2 2 
4 4 4 1 1 1 1 1 1 
2
8 3 3 5 7 10 10 1 9 
8 3 3 3 3 3 3 1 1 
2
4 3 1 9 9 5 5 5 
4 3 1 1 1 1 1 1 
2
7 4 1 10 7 2 10 
7 4 1 1 1 1 1 
2
10 10 4 6 6 10 1 8 
10 10 4 4 4 4 1 1 
2
9 6 8 1 2 2 2 2 
9 6 6 1 1 1 1 1 
2
10 3 4 3 10 9 2 
10 3 3 3 3 3 2 
2
8 3 7 5 8 7 7 2 6 
8 3 3 3 3 3 3 2 2 
2
9 10 10 8 7 10 
9 9 9 8 7 7 
2
10 9 3 7 1 
10 9 3 3 1 
2
6 6 4 7 3 8 8 10 
6 6 4 4 3 3 3 3 
2
2 10 10 6 5 9 
2 2 2 2 2 2 
2
5 8 8 8 10 2 2 8 10 
5 5 5 5 5 2 2 2 2 
2
2 3 3 3 9 2 4 
2 2 2 2 2 2 2 
2
5 3 9 6 3 5 10 
5 3 3 3 3 3 3 
2
10 4 1 5 6 5 9 9 
10 4 1 1 1 1 1 1 
2
10 2 3 3 4 
10 2 2 2 2 
2
5 7 5 2 8 
5 5 5 2 2 
2
10 7 6 3 4 7 7 9 4 
10 7 6 3 3 3 3 3 3 
2
7 2 7 2 6 10 6 
7 2 2 2 2 2 2 
2
10 4 9 10 9 9 
10 4 4 4 4 4 
2
4 7 5 7 6 9 10 6 8 
4 4 4 4 4 4 4 4 4 
2
5 2 7 1 9 3 1 7 7 
5 2 2 1 1 1 1 1 1 
2
1 10 9 4 1 2 3 
1 1 1 1 1 1 1 
2
1 4 2 5 3 2 4 6 6 
1 1 1 1 1 1 1 1 1 
2
9 4 3 9 7 6 3 
9 4 3 3 3 3 3 
2
2 2 7 6 9 4 
2 2 2 2 2 2 
2
1 5 6 1 4 6 7 10 
1 1 1 1 1 1 1 1 
2
8 5 1 5 6 3 7 
8 5 1 1 1 1 1 
2
4 6 8 6 1 6 9 
4 4 4 4 1 1 1 
2
2 5 8 8 5 10 9 
2 2 2 2 2 2 2 
2
3 10 6 1 9 5 7 7 2 
3 3 3 1 1 1 1 1 1 
2
9 6 5 3 8 9 3 
9 6 5 3 3 3 3 
2
5 4 6 3 9 7 9 1 10 
5 4 4 3 3 3 3 1 1 
2
1 3 6 9 7 7 
1 1 1 1 1 1 
2
1 2 3 4 3 2 9 
1 1 1 1 1 1 1 
2
9 9 4 2 4 
9 9 4 2 2 
2
2 4 7 7 3 4 4 8 
2 2 2 2 2 2 2 2 
2
7 9 2 6 9 5 6 1 10 
7 7 2 2 2 2 2 1 1 
2
6 5 8 10 6 3 10 
6 5 5 5 5 3 3 
2
2 8 3 4 3 5 4 10 
2 2 2 2 2 2 2 2 
2
2 4 7 7 6 
2 2 2 2 2 
2
10 4 2 5 7 9 8 10 9 
10 4 2 2 2 2 2 2 2 
2
4 6 7 10 2 5 6 
4 4 4 4 2 2 2 
2
10 1 7 8 6 1 5 10 4 
10 1 1 1 1 1 1 1 1 
2
3 2 10 5 8 3 6 
3 2 2 2 2 2 2 
2
10 8 4 7 10 7 8 8 
10 8 4 4 4 4 4 4 
2
7 6 7 10 7 4 1 9 
7 6 6 6 6 4 1 1 
2
3 3 6 1 9 8 4 
3 3 3 1 1 1 1 
2
1 2 6 5 7 
1 1 1 1 1 
2
4 4 7 1 10 9 1 2 2 
4 4 4 1 1 1 1 1 1 
2
8 3 3 5 7 10 10 1 9 
8 3 3 3 3 3 3 1 1 
2
4 3 1 9 9 5 5 5 
4 3 1 1 1 1 1 1 
2
7 4 1 10 7 2 10 
7 4 1 1 1 1 1 
2
10 10 4 6 6 10 1 8 
10 10 4 4 4 4 1 1 
2
9 6 8 1 2 2 2 2 
9 6 6 1 1 1 1 1 
2
10 3 4 3 10 9 2 
10 3 3 3 3 3 2 
2
8 3 7 5 8 7 7 2 6 
8 3 3 3 3 3 3 2 2 
2
9 10 10 8 7 10 
9 9 9 8 7 7 
2
10 9 3 7 1 
10 9 3 3 1 
2
6 6 4 7 3 8 8 10 
6 6 4 4 3 3 3 3 
2
2 10 10 6 5 9 
2 2 2 2 2 2 
2
5 8 8 8 10 2 2 8 10 
5 5 5 5 5 2 2 2 2 
2
2 3 3 3 9 2 4 
2 2 2 2 2 2 2 
2
5 3 9 6 3 5 10 
5 3 3 3 3 3 3 
2
10 4 1 5 6 5 9 9 
10 4 1 1 1 1 1 1 
2
10 2 3 3 4 
10 2 2 2 2 
2
5 7 5 2 8 
5 5 5 2 2 
2
10 7 6 3 4 7 7 9 4 
10 7 6 3 3 3 3 3 3 
2
7 2 7 2 6 10 6 
7 2 2 2 2 2 2 
2
10 4 9 10 9 9 
10 4 4 4 4 4 
2
4 7 5 7 6 9 10 6 8 
4 4 4 4 4 4 4 4 4 
2
5 2 7 1 9 3 1 7 7 
5 2 2 1 1 1 1 1 1 
2
1 10 9 4 1 2 3 
1 1 1 1 1 1 1 
2
1 4 2 5 3 2 4 6 6 
1 1 1 1 1 1 1 1 1 
2
9 4 3 9 7 6 3 
9 4 3 3 3 3 3 
2
2 2 7 6 9 4 
2 2 2 2 2 2 
2
1 5 6 1 4 6 7 10 
1 1 1 1 1 1 1 1 
2
8 5 1 5 6 3 7 
8 5 1 1 1 1 1 
2
4 6 8 6 1 6 9 
4 4 4 4 1 1 1 
2
2 5 8 8 5 10 9 
2 2 2 2 2 2 2 
2
3 10 6 1 9 5 7 7 2 
3 3 3 1 1 1 1 1 1 
2
9 6 5 3 8 9 3 
9 6 5 3 3 3 3 
2
5 4 6 3 9 7 9 1 10 
5 4 4 3 3 3 3 1 1 
2
1 3 6 9 7 7 
1 1 1 1 1 1 
2
1 2 3 4 3 2 9 
1 1 1 1 1 1 1 
2
9 9 4 2 4 
9 9 4 2 2 
2
2 4 7 7 3 4 4 8 
2 2 2 2 2 2 2 2 
2
7 9 2 6 9 5 6 1 10 
7 7 2 2 2 2 2 1 1 
2
6 5 8 10 6 3 10 
6 5 5 5 5 3 3 
2
2 8 3 4 3 5 4 10 
2 2 2 2 2 2 2 2 
2
2 4 7 7 6 
2 2 2 2 2 
2
10 4 2 5 7 9 8 10 9 
10 4 2 2 2 2 2 2 2 
2
4 6 7 10 2 5 6 
4 4 4 4 2 2 2 
2
10 1 7 8 6 1 5 10 4 
10 1 1 1 1 1 1 1 1 
2
3 2 10 5 8 3 6 
3 2 2 2 2 2 2 
2
10 8 4 7 10 7 8 8 
10 8 4 4 4 4 4 4 
2
7 6 7 10 7 4 1 9 
7 6 6 6 6 4 1 1 
2
3 3 6 1 9 8 4 
3 3 3 1 1 1 1 
2
1 2 6 5 7 
1 1 1 1 1 
2
4 4 7 1 10 9 1 2 2 
4 4 4 1 1 1 1 1 1 
2
8 3 3 5 7 10 10 1 9 
8 3 3 3 3 3 3 1 1 
2
4 3 1 9 9 5 5 5 
4 3 1 1 1 1 1 1 
2
7 4 1 10 7 2 10 
7 4 1 1 1 1 1 
2
10 10 4 6 6 10 1 8 
10 10 4 4 4 4 1 1 
2
9 6 8 1 2 2 2 2 
9 6 6 1 1 1 1 1 
2
10 3 4 3 10 9 2 
10 3 3 3 3 3 2 
2
8 3 7 5 8 7 7 2 6 
8 3 3 3 3 3 3 2 2 
2
9 10 10 8 7 10 
9 9 9 8 7 7 
2
10 9 3 7 1 
10 9 3 3 1 
2
6 6 4 7 3 8 8 10 
6 6 4 4 3 3 3 3 
2
2 10 10 6 5 9 
2 2 2 2 2 2 
2
5 8 8 8 10 2 2 8 10 
5 5 5 5 5 2 2 2 2 
2
2 3 3 3 9 2 4 
2 2 2 2 2 2 2 
2
5 3 9 6 3 5 10 
5 3 3 3 3 3 3 
2
10 4 1 5 6 5 9 9 
10 4 1 1 1 1 1 1 
2
10 2 3 3 4 
10 2 2 2 2 
2
5 7 5 2 8 
5 5 5 2 2 
2
10 7 6 3 4 7 7 9 4 
10 7 6 3 3 3 3 3 3 
2
7 2 7 2 6 10 6 
7 2 2 2 2 2 2 
2
10 4 9 10 9 9 
10 4 4 4 4 4 
2
4 7 5 7 6 9 10 6 8 
4 4 4 4 4 4 4 4 4 
2
5 2 7 1 9 3 1 7 7 
5 2 2 1 1 1 1 1 1 
2
1 10 9 4 1 2 3 
1 1 1 1 1 1 1 
2
1 4 2 5 3 2 4 6 6 
1 1 1 1 1 1 1 1 1 
2
9 4 3 9 7 6 3 
9 4 3 3 3 3 3 
2
2 2 7 6 9 4 
2 2 2 2 2 2 
2
1 5 6 1 4 6 7 10 
1 1 1 1 1 1 1 1 
2
8 5 1 5 6 3 7 
8 5 1 1 1 1 1 
2
4 6 8 6 1 6 9 
4 4 4 4 1 1 1 
2
2 5 8 8 5 10 9 
2 2 2 2 2 2 2 
2
3 10 6 1 9 5 7 7 2 
3 3 3 1 1 1 1 1 1 
2
9 6 5 3 8 9 3 
9 6 5 3 3 3 3 
2
5 4 6 3 9 7 9 1 10 
5 4 4 3 3 3 3 1 1 
2
1 3 6 9 7 7 
1 1 1 1 1 1 
2
1 2 3 4 3 2 9 
1 1 1 1 1 1 1 
2
9 9 4 2 4 
9 9 4 2 2 
2
2 4 7 7 3 4 4 8 
2 2 2 2 2 2 2 2 
2
7 9 2 6 9 5 6 1 10 
7 7 2 2 2 2 2 1 1 
2
6 5 8 10 6 3 10 
6 5 5 5 5 3 3 
2
2 8 3 4 3 5 4 10 
2 2 2 2 2 2 2 2 
2
2 4 7 7 6 
2 2 2 2 2 
2
10 4 2 5 7 9 8 10 9 
10 4 2 2 2 2 2 2 2 
2
4 6 7 10 2 5 6 
4 4 4 4 2 2 2 
2
10 1 7 8 6 1 5 10 4 
10 1 1 1 1 1 1 1 1 
2
3 2 10 5 8 3 6 
3 2 2 2 2 2 2 
2
10 8 4 7 10 7 8 8 
10 8 4 4 4 4 4 4 
2
7 6 7 10 7 4 1 9 
7 6 6 6 6 4 1 1 
2
3 3 6 1 9 8 4 
3 3 3 1 1 1 1 
2
1 2 6 5 7 
1 1 1 1 1 
2
4 4 7 1 10 9 1 2 2 
4 4 4 1 1 1 1 1 1 
2
8 3 3 5 7 10 10 1 9 
8 3 3 3 3 3 3 1 1 
2
4 3 1 9 9 5 5 5 
4 3 1 1 1 1 1 1 
2
7 4 1 10 7 2 10 
7 4 1 1 1 1 1 
2
10 10 4 6 6 10 1 8 
10 10 4 4 4 4 1 1 
2
9 6 8 1 2 2 2 2 
9 6 6 1 1 1 1 1 
2
10 3 4 3 10 9 2 
10 3 3 3 3 3 2 
2
8 3 7 5 8 7 7 2 6 
8 3 3 3 3 3 3 2 2 
2
9 10 10 8 7 10 
9 9 9 8 7 7 
2
10 9 3 7 1 
10 9 3 3 1 
2
6 6 4 7 3 8 8 10 
6 6 4 4 3 3 3 3 
2
2 10 10 6 5 9 
2 2 2 2 2 2 
2
5 8 8 8 10 2 2 8 10 
5 5 5 5 5 2 2 2 2 
2
2 3 3 3 9 2 4 
2 2 2 2 2 2 2 
2
5 3 9 6 3 5 10 
5 3 3 3 3 3 3 
2
10 4 1 5 6 5 9 9 
10 4 1 1 1 1 1 1 
2
10 2 3 3 4 
10 2 2 2 2 
2
5 7 5 2 8 
5 5 5 2 2 
2
10 7 6 3 4 7 7 9 4 
10 7 6 3 3 3 3 3 3 
2
7 2 7 2 6 10 6 
7 2 2 2 2 2 2 
2
10 4 9 10 9 9 
10 4 4 4 4 4 
2
4 7 5 7 6 9 10 6 8 
4 4 4 4 4 4 4 4 4 
2
5 2 7 1 9 3 1 7 7 
5 2 2 1 1 1 1 1 1 
2
1 10 9 4 1 2 3 
1 1 1 1 1 1 1 
2
1 4 2 5 3 2 4 6 6 
1 1 1 1 1 1 1 1 1 
2
9 4 3 9 7 6 3 
9 4 3 3 3 3 3 
2
2 2 7 6 9 4 
2 2 2 2 2 2 
2
1 5 6 1 4 6 7 10 
1 1 1 1 1 1 1 1 
2
8 5 1 5 6 3 7 
8 5 1 1 1 1 1 
2
4 6 8 6 1 6 9 
4 4 4 4 1 1 1 
2
2 5 8 8 5 10 9 
2 2 2 2 2 2 2 
2
3 10 6 1 9 5 7 7 2 
3 3 3 1 1 1 1 1 1 
2
9 6 5 3 8 9 3 
9 6 5 3 3 3 3 
2
5 4 6 3 9 7 9 1 10 
5 4 4 3 3 3 3 1 1 
2
1 3 6 9 7 7 
6 
3
1 2 3 4 3 2 9 
7 
3
9 9 4 2 4 
26 
3
2 4 7 7 3 4 4 8 
16 
3
7 9 2 6 9 5 6 1 10 
26 
3
6 5 8 10 6 3 10 
32 
3
2 8 3 4 3 5 4 10 
16 
3
2 4 7 7 6 
10 
3
10 4 2 5 7 9 8 10 9 
28 
3
4 6 7 10 2 5 6 
22 
3
10 1 7 8 6 1 5 10 4 
18 
3
3 2 10 5 8 3 6 
15 
3
10 8 4 7 10 7 8 8 
42 
3
7 6 7 10 7 4 1 9 
37 
3
3 3 6 1 9 8 4 
13 
3
1 2 6 5 7 
5 
3
4 4 7 1 10 9 1 2 2 
18 
3
8 3 3 5 7 10 10 1 9 
28 
3
4 3 1 9 9 5 5 5 
13 
3
7 4 1 10 7 2 10 
16 
3
10 10 4 6 6 10 1 8 
38 
3
9 6 8 1 2 2 2 2 
26 
3
10 3 4 3 10 9 2 
27 
3
8 3 7 5 8 7 7 2 6 
30 
3
9 10 10 8 7 10 
49 
3
10 9 3 7 1 
26 
3
6 6 4 7 3 8 8 10 
32 
3
2 10 10 6 5 9 
12 
3
5 8 8 8 10 2 2 8 10 
33 
3
2 3 3 3 9 2 4 
14 
3
5 3 9 6 3 5 10 
23 
3
10 4 1 5 6 5 9 9 
20 
3
10 2 3 3 4 
18 
3
5 7 5 2 8 
19 
3
10 7 6 3 4 7 7 9 4 
41 
3
7 2 7 2 6 10 6 
19 
3
10 4 9 10 9 9 
30 
3
4 7 5 7 6 9 10 6 8 
36 
3
5 2 7 1 9 3 1 7 7 
15 
3
1 10 9 4 1 2 3 
7 
3
1 4 2 5 3 2 4 6 6 
9 
3
9 4 3 9 7 6 3 
28 
3
2 2 7 6 9 4 
12 
3
1 5 6 1 4 6 7 10 
8 
3
8 5 1 5 6 3 7 
18 
3
4 6 8 6 1 6 9 
19 
3
2 5 8 8 5 10 9 
14 
3
3 10 6 1 9 5 7 7 2 
15 
3
9 6 5 3 8 9 3 
32 
3
5 4 6 3 9 7 9 1 10 
27 
3
1 3 6 9 7 7 
1 1 1 1 1 1 
3
1 2 3 4 3 2 9 
1 1 1 1 1 1 1 
3
9 9 4 2 4 
9 9 4 2 2 
3
2 4 7 7 3 4 4 8 
2 2 2 2 2 2 2 2 
3
7 9 2 6 9 5 6 1 10 
7 7 2 2 2 2 2 1 1 
3
6 5 8 10 6 3 10 
6 5 5 5 5 3 3 
3
2 8 3 4 3 5 4 10 
2 2 2 2 2 2 2 2 
3
2 4 7 7 6 
2 2 2 2 2 
3
10 4 2 5 7 9 8 10 9 
10 4 2 2 2 2 2 2 2 
3
4 6 7 10 2 5 6 
4 4 4 4 2 2 2 
3
10 1 7 8 6 1 5 10 4 
10 1 1 1 1 1 1 1 1 
3
3 2 10 5 8 3 6 
3 2 2 2 2 2 2 
3
10 8 4 7 10 7 8 8 
10 8 4 4 4 4 4 4 
3
7 6 7 10 7 4 1 9 
7 6 6 6 6 4 1 1 
3
3 3 6 1 9 8 4 
3 3 3 1 1 1 1 
3
1 2 6 5 7 
1 1 1 1 1 
3
4 4 7 1 10 9 1 2 2 
4 4 4 1 1 1 1 1 1 
3
8 3 3 5 7 10 10 1 9 
8 3 3 3 3 3 3 1 1 
3
4 3 1 9 9 5 5 5 
4 3 1 1 1 1 1 1 
3
7 4 1 10 7 2 10 
7 4 1 1 1 1 1 
3
10 10 4 6 6 10 1 8 
10 10 4 4 4 4 1 1 
3
9 6 8 1 2 2 2 2 
9 6 6 1 1 1 1 1 
3
10 3 4 3 10 9 2 
10 3 3 3 3 3 2 
3
8 3 7 5 8 7 7 2 6 
8 3 3 3 3 3 3 2 2 
3
9 10 10 8 7 10 
9 9 9 8 7 7 
3
10 9 3 7 1 
10 9 3 3 1 
3
6 6 4 7 3 8 8 10 
6 6 4 4 3 3 3 3 
3
2 10 10 6 5 9 
2 2 2 2 2 2 
3
5 8 8 8 10 2 2 8 10 
5 5 5 5 5 2 2 2 2 
3
2 3 3 3 9 2 4 
2 2 2 2 2 2 2 
3
5 3 9 6 3 5 10 
5 3 3 3 3 3 3 
3
10 4 1 5 6 5 9 9 
10 4 1 1 1 1 1 1 
3
10 2 3 3 4 
10 2 2 2 2 
3
5 7 5 2 8 
5 5 5 2 2 
3
10 7 6 3 4 7 7 9 4 
10 7 6 3 3 3 3 3 3 
3
7 2 7 2 6 10 6 
7 2 2 2 2 2 2 
3
10 4 9 10 9 9 
10 4 4 4 4 4 
3
4 7 5 7 6 9 10 6 8 
4 4 4 4 4 4 4 4 4 
3
5 2 7 1 9 3 1 7 7 
5 2 2 1 1 1 1 1 1 
3
1 10 9 4 1 2 3 
1 1 1 1 1 1 1 
3
1 4 2 5 3 2 4 6 6 
1 1 1 1 1 1 1 1 1 
3
9 4 3 9 7 6 3 
9 4 3 3 3 3 3 
3
2 2 7 6 9 4 
2 2 2 2 2 2 
3
1 5 6 1 4 6 7 10 
1 1 1 1 1 1 1 1 
3
8 5 1 5 6 3 7 
8 5 1 1 1 1 1 
3
4 6 8 6 1 6 9 
4 4 4 4 1 1 1 
3
2 5 8 8 5 10 9 
2 2 2 2 2 2 2 
3
3 10 6 1 9 5 7 7 2 
3 3 3 1 1 1 1 1 1 
3
9 6 5 3 8 9 3 
9 6 5 3 3 3 3 
3
5 4 6 3 9 7 9 1 10 
5 4 4 3 3 3 3 1 1 
3
1 3 6 9 7 7 
1 1 1 1 1 1 
3
1 2 3 4 3 2 9 
1 1 1 1 1 1 1 
3
9 9 4 2 4 
9 9 4 2 2 
3
2 4 7 7 3 4 4 8 
2 2 2 2 2 2 2 2 
3
7 9 2 6 9 5 6 1 10 
7 7 2 2 2 2 2 1 1 
3
6 5 8 10 6 3 10 
6 5 5 5 5 3 3 
3
2 8 3 4 3 5 4 10 
2 2 2 2 2 2 2 2 
3
2 4 7 7 6 
2 2 2 2 2 
3
10 4 2 5 7 9 8 10 9 
10 4 2 2 2 2 2 2 2 
3
4 6 7 10 2 5 6 
4 4 4 4 2 2 2 
3
10 1 7 8 6 1 5 10 4 
10 1 1 1 1 1 1 1 1 
3
3 2 10 5 8 3 6 
3 2 2 2 2 2 2 
3
10 8 4 7 10 7 8 8 
10 8 4 4 4 4 4 4 
3
7 6 7 10 7 4 1 9 
7 6 6 6 6 4 1 1 
3
3 3 6 1 9 8 4 
3 3 3 1 1 1 1 
3
1 2 6 5 7 
1 1 1 1 1 
3
4 4 7 1 10 9 1 2 2 
4 4 4 1 1 1 1 1 1 
3
8 3 3 5 7 10 10 1 9 
8 3 3 3 3 3 3 1 1 
3
4 3 1 9 9 5 5 5 
4 3 1 1 1 1 1 1 
3
7 4 1 10 7 2 10 
7 4 1 1 1 1 1 
3
10 10 4 6 6 10 1 8 
10 10 4 4 4 4 1 1 
3
9 6 8 1 2 2 2 2 
9 6 6 1 1 1 1 1 
3
10 3 4 3 10 9 2 
10 3 3 3 3 3 2 
3
8 3 7 5 8 7 7 2 6 
8 3 3 3 3 3 3 2 2 
3
9 10 10 8 7 10 
9 9 9 8 7 7 
3
10 9 3 7 1 
10 9 3 3 1 
3
6 6 4 7 3 8 8 10 
6 6 4 4 3 3 3 3 
3
2 10 10 6 5 9 
2 2 2 2 2 2 
3
5 8 8 8 10 2 2 8 10 
5 5 5 5 5 2 2 2 2 
3
2 3 3 3 9 2 4 
2 2 2 2 2 2 2 
3
5 3 9 6 3 5 10 
5 3 3 3 3 3 3 
3
10 4 1 5 6 5 9 9 
10 4 1 1 1 1 1 1 
3
10 2 3 3 4 
10 2 2 2 2 
3
5 7 5 2 8 
5 5 5 2 2 
3
10 7 6 3 4 7 7 9 4 
10 7 6 3 3 3 3 3 3 
3
7 2 7 2 6 10 6 
7 2 2 2 2 2 2 
3
10 4 9 10 9 9 
10 4 4 4 4 4 
3
4 7 5 7 6 9 10 6 8 
4 4 4 4 4 4 4 4 4 
3
5 2 7 1 9 3 1 7 7 
5 2 2 1 1 1 1 1 1 
3
1 10 9 4 1 2 3 
1 1 1 1 1 1 1 
3
1 4 2 5 3 2 4 6 6 
1 1 1 1 1 1 1 1 1 
3
9 4 3 9 7 6 3 
9 4 3 3 3 3 3 
3
2 2 7 6 9 4 
2 2 2 2 2 2 
3
1 5 6 1 4 6 7 10 
1 1 1 1 1 1 1 1 
3
8 5 1 5 6 3 7 
8 5 1 1 1 1 1 
3
4 6 8 6 1 6 9 
4 4 4 4 1 1 1 
3
2 5 8 8 5 10 9 
2 2 2 2 2 2 2 
3
3 10 6 1 9 5 7 7 2 
3 3 3 1 1 1 1 1 1 
3
9 6 5 3 8 9 3 
9 6 5 3 3 3 3 
3
5 4 6 3 9 7 9 1 10 
5 4 4 3 3 3 3 1 1 
3
1 3 6 9 7 7 
6 
4
1 2 3 4 3 2 9 
7 
4
9 9 4 2 4 
26 
4
2 4 7 7 3 4 4 8 
16 
4
7 9 2 6 9 5 6 1 10 
26 
4
6 5 8 10 6 3 10 
32 
4
2 8 3 4 3 5 4 10 
16 
4
2 4 7 7 6 
10 
4
10 4 2 5 7 9 8 10 9 
28 
4
4 6 7 10 2 5 6 
22 
4
10 1 7 8 6 1 5 10 4 
18 
4
3 2 10 5 8 3 6 
15 
4
10 8 4 7 10 7 8 8 
42 
4
7 6 7 10 7 4 1 9 
37 
4
3 3 6 1 9 8 4 
13 
4
1 2 6 5 7 
5 
4
4 4 7 1 10 9 1 2 2 
18 
4
8 3 3 5 7 10 10 1 9 
28 
4
4 3 1 9 9 5 5 5 
13 
4
7 4 1 10 7 2 10 
16 
4
10 10 4 6 6 10 1 8 
38 
4
9 6 8 1 2 2 2 2 
26 
4
10 3 4 3 10 9 2 
27 
4
8 3 7 5 8 7 7 2 6 
30 
4
9 10 10 8 7 10 
49 
4
10 9 3 7 1 
26 
4
6 6 4 7 3 8 8 10 
32 
4
2 10 10 6 5 9 
12 
4
5 8 8 8 10 2 2 8 10 
33 
4
2 3 3 3 9 2 4 
14 
4
5 3 9 6 3 5 10 
23 
4
10 4 1 5 6 5 9 9 
20 
4
10 2 3 3 4 
18 
4
5 7 5 2 8 
19 
4
10 7 6 3 4 7 7 9 4 
41 
4
7 2 7 2 6 10 6 
19 
4
10 4 9 10 9 9 
30 
4
4 7 5 7 6 9 10 6 8 
36 
4
5 2 7 1 9 3 1 7 7 
15 
4
1 10 9 4 1 2 3 
7 
4
1 4 2 5 3 2 4 6 6 
9 
4
9 4 3 9 7 6 3 
28 
4
2 2 7 6 9 4 
12 
4
1 5 6 1 4 6 7 10 
8 
4
8 5 1 5 6 3 7 
18 
4
4 6 8 6 1 6 9 
19 
4
2 5 8 8 5 10 9 
14 
4
3 10 6 1 9 5 7 7 2 
15 
4
9 6 5 3 8 9 3 
32 
4
5 4 6 3 9 7 9 1 10 
27 
4
1 3 6 9 7 7 
0 2 5 8 6 6 
3
1 2 3 4 3 2 9 
0 1 2 3 2 1 8 
3
9 9 4 2 4 
0 0 0 0 2 
3
2 4 7 7 3 4 4 8 
0 2 5 5 1 2 2 6 
3
7 9 2 6 9 5 6 1 10 
0 2 0 4 7 3 4 0 9 
3
6 5 8 10 6 3 10 
0 0 3 5 1 0 7 
3
2 8 3 4 3 5 4 10 
0 6 1 2 1 3 2 8 
3
2 4 7 7 6 
0 2 5 5 4 
3
10 4 2 5 7 9 8 10 9 
0 0 0 3 5 7 6 8 7 
3
4 6 7 10 2 5 6 
0 2 3 6 0 3 4 
3
10 1 7 8 6 1 5 10 4 
0 0 6 7 5 0 4 9 3 
3
3 2 10 5 8 3 6 
0 0 8 3 6 1 4 
3
10 8 4 7 10 7 8 8 
0 0 0 3 6 3 4 4 
3
7 6 7 10 7 4 1 9 
0 0 1 4 1 0 0 8 
3
3 3 6 1 9 8 4 
0 0 3 0 8 7 3 
3
1 2 6 5 7 
0 1 5 4 6 
3
4 4 7 1 10 9 1 2 2 
0 0 3 0 9 8 0 1 1 
3
8 3 3 5 7 10 10 1 9 
0 0 0 2 4 7 7 0 8 
3
4 3 1 9 9 5 5 5 
0 0 0 8 8 4 4 4 
3
7 4 1 10 7 2 10 
0 0 0 9 6 1 9 
3
10 10 4 6 6 10 1 8 
0 0 0 2 2 6 0 7 
3
9 6 8 1 2 2 2 2 
0 0 2 0 1 1 1 1 
3
10 3 4 3 10 9 2 
0 0 1 0 7 6 0 
3
8 3 7 5 8 7 7 2 6 
0 0 4 2 5 4 4 0 4 
3
9 10 10 8 7 10 
0 1 1 0 0 3 
3
10 9 3 7 1 
0 0 0 4 0 
3
6 6 4 7 3 8 8 10 
0 0 0 3 0 5 5 7 
3
2 10 10 6 5 9 
0 8 8 4 3 7 
3
5 8 8 8 10 2 2 8 10 
0 3 3 3 5 0 0 6 8 
3
2 3 3 3 9 2 4 
0 1 1 1 7 0 2 
3
5 3 9 6 3 5 10 
0 0 6 3 0 2 7 
3
10 4 1 5 6 5 9 9 
0 0 0 4 5 4 8 8 
3
10 2 3 3 4 
0 0 1 1 2 
3
5 7 5 2 8 
0 2 0 0 6 
3
10 7 6 3 4 7 7 9 4 
0 0 0 0 1 4 4 6 1 
3
7 2 7 2 6 10 6 
0 0 5 0 4 8 4 
3
10 4 9 10 9 9 
0 0 5 6 5 5 
3
4 7 5 7 6 9 10 6 8 
0 3 1 3 2 5 6 2 4 
3
5 2 7 1 9 3 1 7 7 
0 0 5 0 8 2 0 6 6 
3
1 10 9 4 1 2 3 
0 9 8 3 0 1 2 
3
1 4 2 5 3 2 4 6 6 
0 3 1 4 2 1 3 5 5 
3
9 4 3 9 7 6 3 
0 0 0 6 4 3 0 
3
2 2 7 6 9 4 
0 0 5 4 7 2 
3
1 5 6 1 4 6 7 10 
0 4 5 0 3 5 6 9 
3
8 5 1 5 6 3 7 
0 0 0 4 5 2 6 
3
4 6 8 6 1 6 9 
0 2 4 2 0 5 8 
3
2 5 8 8 5 10 9 
0 3 6 6 3 8 7 
3
3 10 6 1 9 5 7 7 2 
0 7 3 0 8 4 6 6 1 
3
9 6 5 3 8 9 3 
0 0 0 0 5 6 0 
3
5 4 6 3 9 7 9 1 10 
0 0 2 0 6 4 6 0 9 
3
1 3 6 9 7 7 
0 2 5 8 6 6 
3
1 2 3 4 3 2 9 
0 1 2 3 2 1 8 
3
9 9 4 2 4 
0 0 0 0 2 
3
2 4 7 7 3 4 4 8 
0 2 5 5 1 2 2 6 
3
7 9 2 6 9 5 6 1 10 
0 2 0 4 7 3 4 0 9 
3
6 5 8 10 6 3 10 
0 0 3 5 1 0 7 
3
2 8 3 4 3 5 4 10 
0 6 1 2 1 3 2 8 
3
2 4 7 7 6 
0 2 5 5 4 
3
10 4 2 5 7 9 8 10 9 
0 0 0 3 5 7 6 8 7 
3
4 6 7 10 2 5 6 
0 2 3 6 0 3 4 
3
10 1 7 8 6 1 5 10 4 
0 0 6 7 5 0 4 9 3 
3
3 2 10 5 8 3 6 
0 0 8 3 6 1 4 
3
10 8 4 7 10 7 8 8 
0 0 0 3 6 3 4 4 
3
7 6 7 10 7 4 1 9 
0 0 1 4 1 0 0 8 
3
3 3 6 1 9 8 4 
0 0 3 0 8 7 3 
3
1 2 6 5 7 
0 1 5 4 6 
3
4 4 7 1 10 9 1 2 2 
0 0 3 0 9 8 0 1 1 
3
8 3 3 5 7 10 10 1 9 
0 0 0 2 4 7 7 0 8 
3
4 3 1 9 9 5 5 5 
0 0 0 8 8 4 4 4 
3
7 4 1 10 7 2 10 
0 0 0 9 6 1 9 
3
10 10 4 6 6 10 1 8 
0 0 0 2 2 6 0 7 
3
9 6 8 1 2 2 2 2 
0 0 2 0 1 1 1 1 
3
10 3 4 3 10 9 2 
0 0 1 0 7 6 0 
3
8 3 7 5 8 7 7 2 6 
0 0 4 2 5 4 4 0 4 
3
9 10 10 8 7 10 
0 1 1 0 0 3 
3
10 9 3 7 1 
0 0 0 4 0 
3
6 6 4 7 3 8 8 10 
0 0 0 3 0 5 5 7 
3
2 10 10 6 5 9 
0 8 8 4 3 7 
3
5 8 8 8 10 2 2 8 10 
0 3 3 3 5 0 0 6 8 
3
2 3 3 3 9 2 4 
0 1 1 1 7 0 2 
3
5 3 9 6 3 5 10 
0 0 6 3 0 2 7 
3
10 4 1 5 6 5 9 9 
0 0 0 4 5 4 8 8 
3
10 2 3 3 4 
0 0 1 1 2 
3
5 7 5 2 8 
0 2 0 0 6 
3
10 7 6 3 4 7 7 9 4 
0 0 0 0 1 4 4 6 1 
3
7 2 7 2 6 10 6 
0 0 5 0 4 8 4 
3
10 4 9 10 9 9 
0 0 5 6 5 5 
3
4 7 5 7 6 9 10 6 8 
0 3 1 3 2 5 6 2 4 
3
5 2 7 1 9 3 1 7 7 
0 0 5 0 8 2 0 6 6 
3
1 10 9 4 1 2 3 
0 9 8 3 0 1 2 
3
1 4 2 5 3 2 4 6 6 
0 3 1 4 2 1 3 5 5 
3
9 4 3 9 7 6 3 
0 0 0 6 4 3 0 
3
2 2 7 6 9 4 
0 0 5 4 7 2 
3
1 5 6 1 4 6 7 10 
0 4 5 0 3 5 6 9 
3
8 5 1 5 6 3 7 
0 0 0 4 5 2 6 
3
4 6 8 6 1 6 9 
0 2 4 2 0 5 8 
3
2 5 8 8 5 10 9 
0 3 6 6 3 8 7 
3
3 10 6 1 9 5 7 7 2 
0 7 3 0 8 4 6 6 1 
3
9 6 5 3 8 9 3 
0 0 0 0 5 6 0 
3
5 4 6 3 9 7 9 1 10 
0 0 2 0 6 4 6 0 9 
3
1 3 6 9 7 7 
0 2 5 8 6 6 
3
1 2 3 4 3 2 9 
0 1 2 3 2 1 8 
3
9 9 4 2 4 
0 0 0 0 2 
3
2 4 7 7 3 4 4 8 
0 2 5 5 1 2 2 6 
3
7 9 2 6 9 5 6 1 10 
0 2 0 4 7 3 4 0 9 
3
6 5 8 10 6 3 10 
0 0 3 5 1 0 7 
3
2 8 3 4 3 5 4 10 
0 6 1 2 1 3 2 8 
3
2 4 7 7 6 
0 2 5 5 4 
3
10 4 2 5 7 9 8 10 9 
0 0 0 3 5 7 6 8 7 
3
4 6 7 10 2 5 6 
0 2 3 6 0 3 4 
3
10 1 7 8 6 1 5 10 4 
0 0 6 7 5 0 4 9 3 
3
3 2 10 5 8 3 6 
0 0 8 3 6 1 4 
3
10 8 4 7 10 7 8 8 
0 0 0 3 6 3 4 4 
3
7 6 7 10 7 4 1 9 
0 0 1 4 1 0 0 8 
3
3 3 6 1 9 8 4 
0 0 3 0 8 7 3 
3
1 2 6 5 7 
0 1 5 4 6 
3
4 4 7 1 10 9 1 2 2 
0 0 3 0 9 8 0 1 1 
3
8 3 3 5 7 10 10 1 9 
0 0 0 2 4 7 7 0 8 
3
4 3 1 9 9 5 5 5 
0 0 0 8 8 4 4 4 
3
7 4 1 10 7 2 10 
0 0 0 9 6 1 9 
3
10 10 4 6 6 10 1 8 
0 0 0 2 2 6 0 7 
3
9 6 8 1 2 2 2 2 
0 0 2 0 1 1 1 1 
3
10 3 4 3 10 9 2 
0 0 1 0 7 6 0 
3
8 3 7 5 8 7 7 2 6 
0 0 4 2 5 4 4 0 4 
3
9 10 10 8 7 10 
0 1 1 0 0 3 
3
10 9 3 7 1 
0 0 0 4 0 
3
6 6 4 7 3 8 8 10 
0 0 0 3 0 5 5 7 
3
2 10 10 6 5 9 
0 8 8 4 3 7 
3
5 8 8 8 10 2 2 8 10 
0 3 3 3 5 0 0 6 8 
3
2 3 3 3 9 2 4 
0 1 1 1 7 0 2 
3
5 3 9 6 3 5 10 
0 0 6 3 0 2 7 
3
10 4 1 5 6 5 9 9 
0 0 0 4 5 4 8 8 
3
10 2 3 3 4 
0 0 1 1 2 
3
5 7 5 2 8 
0 2 0 0 6 
3
10 7 6 3 4 7 7 9 4 
0 0 0 0 1 4 4 6 1 
3
7 2 7 2 6 10 6 
0 0 5 0 4 8 4 
3
10 4 9 10 9 9 
0 0 5 6 5 5 
3
4 7 5 7 6 9 10 6 8 
0 3 1 3 2 5 6 2 4 
3
5 2 7 1 9 3 1 7 7 
0 0 5 0 8 2 0 6 6 
3
1 10 9 4 1 2 3 
0 9 8 3 0 1 2 
3
1 4 2 5 3 2 4 6 6 
0 3 1 4 2 1 3 5 5 
3
9 4 3 9 7 6 3 
0 0 0 6 4 3 0 
3
2 2 7 6 9 4 
0 0 5 4 7 2 
3
1 5 6 1 4 6 7 10 
0 4 5 0 3 5 6 9 
3
8 5 1 5 6 3 7 
0 0 0 4 5 2 6 
3
4 6 8 6 1 6 9 
0 2 4 2 0 5 8 
3
2 5 8 8 5 10 9 
0 3 6 6 3 8 7 
3
3 10 6 1 9 5 7 7 2 
0 7 3 0 8 4 6 6 1 
3
9 6 5 3 8 9 3 
0 0 0 0 5 6 0 
3
5 4 6 3 9 7 9 1 10 
0 0 2 0 6 4 6 0 9 
3
1 3 6 9 7 7 
27 
4
1 2 3 4 3 2 9 
17 
4
9 9 4 2 4 
2 
4
2 4 7 7 3 4 4 8 
23 
4
7 9 2 6 9 5 6 1 10 
29 
4
6 5 8 10 6 3 10 
16 
4
2 8 3 4 3 5 4 10 
23 
4
2 4 7 7 6 
16 
4
10 4 2 5 7 9 8 10 9 
36 
4
4 6 7 10 2 5 6 
18 
4
10 1 7 8 6 1 5 10 4 
34 
4
3 2 10 5 8 3 6 
22 
4
10 8 4 7 10 7 8 8 
20 
4
7 6 7 10 7 4 1 9 
14 
4
3 3 6 1 9 8 4 
21 
4
1 2 6 5 7 
16 
4
4 4 7 1 10 9 1 2 2 
22 
4
8 3 3 5 7 10 10 1 9 
28 
4
4 3 1 9 9 5 5 5 
28 
4
7 4 1 10 7 2 10 
25 
4
10 10 4 6 6 10 1 8 
17 
4
9 6 8 1 2 2 2 2 
6 
4
10 3 4 3 10 9 2 
14 
4
8 3 7 5 8 7 7 2 6 
23 
4
9 10 10 8 7 10 
5 
4
10 9 3 7 1 
4 
4
6 6 4 7 3 8 8 10 
20 
4
2 10 10 6 5 9 
30 
4
5 8 8 8 10 2 2 8 10 
28 
4
2 3 3 3 9 2 4 
12 
4
5 3 9 6 3 5 10 
18 
4
10 4 1 5 6 5 9 9 
29 
4
10 2 3 3 4 
4 
4
5 7 5 2 8 
8 
4
10 7 6 3 4 7 7 9 4 
16 
4
7 2 7 2 6 10 6 
21 
4
10 4 9 10 9 9 
21 
4
4 7 5 7 6 9 10 6 8 
26 
4
5 2 7 1 9 3 1 7 7 
27 
4
1 10 9 4 1 2 3 
23 
4
1 4 2 5 3 2 4 6 6 
24 
4
9 4 3 9 7 6 3 
13 
4
2 2 7 6 9 4 
18 
4
1 5 6 1 4 6 7 10 
32 
4
8 5 1 5 6 3 7 
17 
4
4 6 8 6 1 6 9 
21 
4
2 5 8 8 5 10 9 
33 
4
3 10 6 1 9 5 7 7 2 
35 
4
9 6 5 3 8 9 3 
11 
4
5 4 6 3 9 7 9 1 10 
27 
4
1 3 6 9 7 7 
2 5 8 6 6 
4
1 2 3 4 3 2 9 
1 2 3 2 1 8 
4
9 9 4 2 4 
2 
4
2 4 7 7 3 4 4 8 
2 5 5 1 2 2 6 
4
7 9 2 6 9 5 6 1 10 
2 4 7 3 4 9 
4
6 5 8 10 6 3 10 
3 5 1 7 
4
2 8 3 4 3 5 4 10 
6 1 2 1 3 2 8 
4
2 4 7 7 6 
2 5 5 4 
4
10 4 2 5 7 9 8 10 9 
3 5 7 6 8 7 
4
4 6 7 10 2 5 6 
2 3 6 3 4 
4
10 1 7 8 6 1 5 10 4 
6 7 5 4 9 3 
4
3 2 10 5 8 3 6 
8 3 6 1 4 
4
10 8 4 7 10 7 8 8 
3 6 3 4 4 
4
7 6 7 10 7 4 1 9 
1 4 1 8 
4
3 3 6 1 9 8 4 
3 8 7 3 
4
1 2 6 5 7 
1 5 4 6 
4
4 4 7 1 10 9 1 2 2 
3 9 8 1 1 
4
8 3 3 5 7 10 10 1 9 
2 4 7 7 8 
4
4 3 1 9 9 5 5 5 
8 8 4 4 4 
4
7 4 1 10 7 2 10 
9 6 1 9 
4
10 10 4 6 6 10 1 8 
2 2 6 7 
4
9 6 8 1 2 2 2 2 
2 1 1 1 1 
4
10 3 4 3 10 9 2 
1 7 6 
4
8 3 7 5 8 7 7 2 6 
4 2 5 4 4 4 
4
9 10 10 8 7 10 
1 1 3 
4
10 9 3 7 1 
4 
4
6 6 4 7 3 8 8 10 
3 5 5 7 
4
2 10 10 6 5 9 
8 8 4 3 7 
4
5 8 8 8 10 2 2 8 10 
3 3 3 5 6 8 
4
2 3 3 3 9 2 4 
1 1 1 7 2 
4
5 3 9 6 3 5 10 
6 3 2 7 
4
10 4 1 5 6 5 9 9 
4 5 4 8 8 
4
10 2 3 3 4 
1 1 2 
4
5 7 5 2 8 
2 6 
4
10 7 6 3 4 7 7 9 4 
1 4 4 6 1 
4
7 2 7 2 6 10 6 
5 4 8 4 
4
10 4 9 10 9 9 
5 6 5 5 
4
4 7 5 7 6 9 10 6 8 
3 1 3 2 5 6 2 4 
4
5 2 7 1 9 3 1 7 7 
5 8 2 6 6 
4
1 10 9 4 1 2 3 
9 8 3 1 2 
4
1 4 2 5 3 2 4 6 6 
3 1 4 2 1 3 5 5 
4
9 4 3 9 7 6 3 
6 4 3 
4
2 2 7 6 9 4 
5 4 7 2 
4
1 5 6 1 4 6 7 10 
4 5 3 5 6 9 
4
8 5 1 5 6 3 7 
4 5 2 6 
4
4 6 8 6 1 6 9 
2 4 2 5 8 
4
2 5 8 8 5 10 9 
3 6 6 3 8 7 
4
3 10 6 1 9 5 7 7 2 
7 3 8 4 6 6 1 
4
9 6 5 3 8 9 3 
5 6 
4
5 4 6 3 9 7 9 1 10 
2 6 4 6 9 
4
1 3 6 9 7 7 
2 5 8 6 6 
4
1 2 3 4 3 2 9 
1 2 3 2 1 8 
4
9 9 4 2 4 
2 
4
2 4 7 7 3 4 4 8 
2 5 5 1 2 2 6 
4
7 9 2 6 9 5 6 1 10 
2 4 7 3 4 9 
4
6 5 8 10 6 3 10 
3 5 1 7 
4
2 8 3 4 3 5 4 10 
6 1 2 1 3 2 8 
4
2 4 7 7 6 
2 5 5 4 
4
10 4 2 5 7 9 8 10 9 
3 5 7 6 8 7 
4
4 6 7 10 2 5 6 
2 3 6 3 4 
4
10 1 7 8 6 1 5 10 4 
6 7 5 4 9 3 
4
3 2 10 5 8 3 6 
8 3 6 1 4 
4
10 8 4 7 10 7 8 8 
3 6 3 4 4 
4
7 6 7 10 7 4 1 9 
1 4 1 8 
4
3 3 6 1 9 8 4 
3 8 7 3 
4
1 2 6 5 7 
1 5 4 6 
4
4 4 7 1 10 9 1 2 2 
3 9 8 1 1 
4
8 3 3 5 7 10 10 1 9 
2 4 7 7 8 
4
4 3 1 9 9 5 5 5 
8 8 4 4 4 
4
7 4 1 10 7 2 10 
9 6 1 9 
4
10 10 4 6 6 10 1 8 
2 2 6 7 
4
9 6 8 1 2 2 2 2 
2 1 1 1 1 
4
10 3 4 3 10 9 2 
1 7 6 
4
8 3 7 5 8 7 7 2 6 
4 2 5 4 4 4 
4
9 10 10 8 7 10 
1 1 3 
4
10 9 3 7 1 
4 
4
6 6 4 7 3 8 8 10 
3 5 5 7 
4
2 10 10 6 5 9 
8 8 4 3 7 
4
5 8 8 8 10 2 2 8 10 
3 3 3 5 6 8 
4
2 3 3 3 9 2 4 
1 1 1 7 2 
4
5 3 9 6 3 5 10 
6 3 2 7 
4
10 4 1 5 6 5 9 9 
4 5 4 8 8 
4
10 2 3 3 4 
1 1 2 
4
5 7 5 2 8 
2 6 
4
10 7 6 3 4 7 7 9 4 
1 4 4 6 1 
4
7 2 7 2 6 10 6 
5 4 8 4 
4
10 4 9 10 9 9 
5 6 5 5 
4
4 7 5 7 6 9 10 6 8 
3 1 3 2 5 6 2 4 
4
5 2 7 1 9 3 1 7 7 
5 8 2 6 6 
4
1 10 9 4 1 2 3 
9 8 3 1 2 
4
1 4 2 5 3 2 4 6 6 
3 1 4 2 1 3 5 5 
4
9 4 3 9 7 6 3 
6 4 3 
4
2 2 7 6 9 4 
5 4 7 2 
4
1 5 6 1 4 6 7 10 
4 5 3 5 6 9 
4
8 5 1 5 6 3 7 
4 5 2 6 
4
4 6 8 6 1 6 9 
2 4 2 5 8 
4
2 5 8 8 5 10 9 
3 6 6 3 8 7 
4
3 10 6 1 9 5 7 7 2 
7 3 8 4 6 6 1 
4
9 6 5 3 8 9 3 
5 6 
4
5 4 6 3 9 7 9 1 10 
2 6 4 6 9 
4
1 3 6 9 7 7 
27 
5
1 2 3 4 3 2 9 
17 
5
9 9 4 2 4 
2 
5
2 4 7 7 3 4 4 8 
23 
5
7 9 2 6 9 5 6 1 10 
29 
5
6 5 8 10 6 3 10 
16 
5
2 8 3 4 3 5 4 10 
23 
5
2 4 7 7 6 
16 
5
10 4 2 5 7 9 8 10 9 
36 
5
4 6 7 10 2 5 6 
18 
5
10 1 7 8 6 1 5 10 4 
34 
5
3 2 10 5 8 3 6 
22 
5
10 8 4 7 10 7 8 8 
20 
5
7 6 7 10 7 4 1 9 
14 
5
3 3 6 1 9 8 4 
21 
5
1 2 6 5 7 
16 
5
4 4 7 1 10 9 1 2 2 
22 
5
8 3 3 5 7 10 10 1 9 
28 
5
4 3 1 9 9 5 5 5 
28 
5
7 4 1 10 7 2 10 
25 
5
10 10 4 6 6 10 1 8 
17 
5
9 6 8 1 2 2 2 2 
6 
5
10 3 4 3 10 9 2 
14 
5
8 3 7 5 8 7 7 2 6 
23 
5
9 10 10 8 7 10 
5 
5
10 9 3 7 1 
4 
5
6 6 4 7 3 8 8 10 
20 
5
2 10 10 6 5 9 
30 
5
5 8 8 8 10 2 2 8 10 
28 
5
2 3 3 3 9 2 4 
12 
5
5 3 9 6 3 5 10 
18 
5
10 4 1 5 6 5 9 9 
29 
5
10 2 3 3 4 
4 
5
5 7 5 2 8 
8 
5
10 7 6 3 4 7 7 9 4 
16 
5
7 2 7 2 6 10 6 
21 
5
10 4 9 10 9 9 
21 
5
4 7 5 7 6 9 10 6 8 
26 
5
5 2 7 1 9 3 1 7 7 
27 
5
1 10 9 4 1 2 3 
23 
5
1 4 2 5 3 2 4 6 6 
24 
5
9 4 3 9 7 6 3 
13 
5
2 2 7 6 9 4 
18 
5
1 5 6 1 4 6 7 10 
32 
5
8 5 1 5 6 3 7 
17 
5
4 6 8 6 1 6 9 
21 
5
2 5 8 8 5 10 9 
33 
5
3 10 6 1 9 5 7 7 2 
35 
5
9 6 5 3 8 9 3 
11 
5
5 4 6 3 9 7 9 1 10 
27 
5
